 0.19514E+01  0.89061E+01  0.93689E+01 -0.14424E+02  0.52178E+00
 0.76996E+01  0.28635E+01  0.88832E+01 -0.11129E+02  0.37953E+00
 0.65977E+01  0.23566E+01  0.85236E+01 -0.15637E+02  0.10561E+01
 0.40642E+01  0.84842E+01  0.34634E+00 -0.13689E+02  0.17221E+00
 0.65870E+01  0.90268E+01  0.15849E+01 -0.16351E+02  0.46867E+00
 0.42076E+00  0.41108E+01  0.52457E+01 -0.13438E+02  0.76419E+00
 0.28899E+01  0.77769E+01  0.13426E+01 -0.14811E+02  0.18806E+01
 0.45348E+01  0.37569E+01  0.38828E+01 -0.12285E+02  0.64322E+00
 0.58387E+01  0.18380E+01  0.49215E+01 -0.15740E+02  0.11182E+01
 0.45560E+01  0.39194E+01  0.62009E+01 -0.13675E+02  0.12861E+01
 0.67247E+01  0.76887E+01  0.62605E+01 -0.18203E+02  0.13702E+01
 0.57601E+01  0.86363E+01  0.43312E+01 -0.14530E+02  0.42736E+00
 0.44568E+01  0.43666E+00  0.24749E+01 -0.16535E+02  0.74740E+00
 0.29278E+01  0.37069E+01  0.27276E+01 -0.12775E+02  0.21926E+00
 0.38988E+01  0.56875E+01  0.67652E+01 -0.14755E+02  0.47410E+00
 0.15338E+00  0.93519E+01  0.55654E+01 -0.15508E+02  0.13038E+01
 0.65200E+01  0.13616E+01  0.64392E+01 -0.14704E+02  0.68456E+00
 0.71212E+01  0.47836E+00  0.28637E+01 -0.16400E+02  0.50481E+00
 0.48775E+01  0.23713E+01  0.87388E+00 -0.16722E+02  0.87319E+00
 0.33561E+00  0.85112E+01  0.72887E+01 -0.12588E+02  0.16775E+00
 0.65527E+01  0.31668E+01  0.20390E+01 -0.14422E+02  0.10738E+01
 0.92438E+01  0.25991E+01  0.66471E+01 -0.16146E+02  0.51359E+00
 0.53576E+01  0.32884E+01  0.42985E+01 -0.12071E+02  0.82572E+00
 0.93800E+01  0.35157E+01  0.26221E+00 -0.15404E+02  0.94442E+00
 0.41956E+01  0.21985E+01  0.34682E+01 -0.14231E+02  0.50011E+00
 0.52275E+01  0.11843E+00  0.57165E+01 -0.12578E+02  0.51641E+00
 0.55913E+01  0.44265E+01  0.73233E+01 -0.15193E+02  0.82262E-01
 0.70094E+01  0.51267E+00  0.72771E+00 -0.13829E+02  0.83963E+00
 0.22479E+00  0.81225E+01  0.17366E+01 -0.17580E+02  0.94174E+00
 0.77797E+01  0.61647E+00  0.75010E+01 -0.14627E+02  0.79748E+00
 0.80900E+01  0.54107E+01  0.48953E+01 -0.14326E+02  0.10609E+01
 0.51005E+01  0.41176E+01  0.92108E+01 -0.13044E+02  0.34694E+00
 0.40633E+01  0.21337E+01  0.24156E+01 -0.13800E+02  0.95209E+00
 0.75896E+01  0.78416E+01  0.16198E+00 -0.15259E+02  0.14726E+01
 0.45011E+01  0.92166E+01  0.16172E+01 -0.15460E+02  0.14429E+00
 0.43927E+01  0.75710E+01  0.79794E+00 -0.17384E+02  0.11218E+01
 0.20800E+01  0.42272E+01  0.21607E+01 -0.15267E+02  0.16906E+01
 0.62853E+01  0.91481E+01  0.87782E+01 -0.13198E+02  0.59427E+00
 0.58120E+01  0.77066E+01  0.19729E+01 -0.16752E+02  0.63387E-01
 0.19205E+01  0.67102E+01  0.90374E+01 -0.15643E+02  0.68028E+00
 0.89353E+01  0.41245E+01  0.26844E+01 -0.16694E+02  0.35133E+00
 0.56254E+00  0.26857E+01  0.82590E+00 -0.15435E+02  0.49335E+00
 0.25689E+01  0.61673E+01  0.83700E+01 -0.16759E+02  0.75530E-01
 0.29747E+01  0.84491E+01  0.46446E+00 -0.15251E+02  0.31888E-01
 0.23394E+01  0.70203E+01  0.70035E+01 -0.13825E+02  0.71608E+00
 0.61138E+01  0.38534E+00  0.34509E+01 -0.15257E+02  0.71634E+00
 0.63325E+01  0.73520E+01  0.83834E+01 -0.14070E+02  0.14439E+00
 0.65698E+01  0.52082E+01  0.27541E+00 -0.17913E+02  0.14569E+00
 0.61356E+01  0.73672E+01  0.63186E+00 -0.16287E+02  0.14025E+01
 0.62878E+01  0.89841E+01  0.52692E+01 -0.15188E+02  0.47659E+00
 0.91529E+01  0.77807E+00  0.75663E+01 -0.17412E+02  0.11330E+00
 0.85822E+01  0.55887E+01  0.14574E+01 -0.14408E+02  0.40415E+00
 0.76819E+01  0.64225E+01  0.52366E+01 -0.14342E+02  0.20747E+00
 0.24771E+00  0.51567E+01  0.93485E+01 -0.14093E+02  0.98914E+00
 0.58271E+01  0.50448E+00  0.66580E+01 -0.14885E+02  0.10952E+01
 0.68499E+01  0.58992E+01  0.23648E+01 -0.16739E+02  0.49547E+00
 0.11589E+01  0.56694E+01  0.15441E+01 -0.16317E+02  0.55721E+00
 0.89577E+01  0.46226E+01  0.16049E+01 -0.16098E+02  0.21141E+00
 0.29212E+01  0.84295E+01  0.33376E+01 -0.15739E+02  0.16171E+00
 0.89117E+01  0.90801E+01  0.48032E+01 -0.14078E+02  0.60843E+00
 0.57509E+01  0.10701E+01  0.12446E+01 -0.15895E+02  0.35512E+00
 0.68616E+01  0.72837E+01  0.53014E+01 -0.14223E+02  0.27084E+00
 0.29265E+01  0.31278E+01  0.58499E+01 -0.14484E+02  0.11347E+01
 0.68491E+01  0.90058E+01  0.35092E+01 -0.15778E+02  0.20369E+00
 0.28565E+01  0.16774E+01  0.20041E+01 -0.14082E+02  0.11625E+01
 0.51108E+01  0.10191E+01  0.48511E+01 -0.14714E+02  0.74105E+00
 0.15500E+01  0.65249E+00  0.50116E+01 -0.18152E+02  0.17716E+00
 0.33639E+01  0.47578E+01  0.51876E+00 -0.15376E+02  0.99243E+00
 0.89911E+01  0.53213E+01  0.24091E+01 -0.17731E+02  0.92246E+00
 0.47904E+01  0.43346E+01  0.82348E+00 -0.15312E+02  0.58749E+00
 0.67002E+01  0.51878E+01  0.85413E+01 -0.13342E+02  0.13280E+01
 0.67233E+01  0.65056E+01  0.78874E+00 -0.16302E+02  0.19402E+01
 0.67073E+00  0.50702E+01  0.51701E+01 -0.13954E+02  0.74645E+00
 0.51997E+01  0.60940E+00  0.76818E+01 -0.13950E+02  0.44207E+00
 0.85297E+01  0.39474E+01  0.87568E+00 -0.16773E+02  0.19199E+00
 0.24965E+01  0.21436E+01  0.71908E+01 -0.17796E+02  0.68558E-01
 0.91904E+01  0.16421E+01  0.89746E+01 -0.14778E+02  0.37480E+00
 0.83493E+01  0.20989E+01  0.66042E+01 -0.13323E+02  0.37649E+00
 0.67895E+01  0.71742E+01  0.34328E+01 -0.16122E+02  0.11085E+01
 0.16532E+01  0.72788E+01  0.88223E+00 -0.12838E+02  0.10571E+00
 0.62437E+01  0.47704E+01  0.31655E+01 -0.13571E+02  0.17343E+00
 0.59684E+01  0.74859E+00  0.84672E+01 -0.14672E+02  0.91849E+00
 0.67930E+01  0.75235E+01  0.73651E+01 -0.14575E+02  0.64739E+00
 0.30763E+00  0.66739E-01  0.11241E+01 -0.13808E+02  0.66041E+00
 0.98801E+00  0.42731E+00  0.41398E+01 -0.13414E+02  0.16174E-01
 0.86401E+01  0.10827E+01  0.23883E+00 -0.13056E+02  0.47804E+00
 0.31318E+00  0.20127E+01  0.81615E+01 -0.16391E+02  0.16390E+00
 0.54591E+00  0.47448E+01  0.36070E+01 -0.16658E+02  0.20484E+00
 0.87010E+01  0.15406E+01  0.31262E+01 -0.11459E+02  0.75648E+00
 0.40462E+01  0.11622E+01  0.31680E+01 -0.13472E+02  0.75608E+00
 0.52103E+01  0.22399E+01  0.41694E+01 -0.13787E+02  0.17610E+00
 0.52221E+01  0.44232E+01  0.42244E+01 -0.14135E+02  0.75648E-01
 0.21987E+01  0.80236E+01  0.73908E+01 -0.14699E+02  0.15920E+00
 0.34146E+01  0.63828E+01  0.17771E+01 -0.13298E+02  0.27107E+01
 0.62091E+01  0.60872E+01  0.45645E+01 -0.15167E+02  0.71664E+00
 0.30089E+01  0.47056E+01  0.16724E+01 -0.15624E+02  0.36224E+00
 0.83799E+01  0.70417E+01  0.59112E+01 -0.16014E+02  0.64891E+00
 0.38913E+01  0.25167E+01  0.13814E+01 -0.15942E+02  0.46985E+00
 0.69848E+01  0.47451E+01  0.22021E+01 -0.12341E+02  0.94540E+00
 0.50824E+01  0.27069E+01  0.32731E+01 -0.13353E+02  0.53186E+00
 0.17781E+01  0.48848E+01  0.52485E+01 -0.13131E+02  0.62680E+00
 0.47924E+01  0.72087E+01  0.76518E+01 -0.13473E+02  0.18211E+01
 0.50482E-01  0.69287E+01  0.73264E+00 -0.15768E+02  0.39459E+00
 0.19123E+01  0.21077E+01  0.19755E+01 -0.14802E+02  0.59527E+00
 0.44983E+01  0.16786E+01  0.10895E+00 -0.15867E+02  0.18065E+00
 0.60980E+01  0.84918E+01  0.26610E+01 -0.16201E+02  0.14597E+00
 0.13389E+01  0.59957E+01  0.32439E+01 -0.16060E+02  0.18793E+00
 0.59143E+01  0.22921E+01  0.77633E+01 -0.14972E+02  0.16041E+00
 0.82479E+01  0.74830E+01  0.78306E+01 -0.14275E+02  0.19016E+00
 0.20555E+01  0.24777E+01  0.61230E+01 -0.14129E+02  0.90443E+00
 0.73578E+00  0.86917E+01  0.82201E+01 -0.14088E+02  0.16888E+01
 0.37432E+01  0.38353E+01  0.79994E+01 -0.13382E+02  0.52920E+00
 0.33889E+00  0.63189E+00  0.19974E+01 -0.15501E+02  0.48343E+00
 0.60992E+00  0.39087E+01  0.42567E+01 -0.13765E+02  0.37438E+00
 0.82743E+00  0.86331E+01  0.11423E+00 -0.14733E+02  0.10296E+00
 0.87680E+01  0.54633E+01  0.90111E+01 -0.12985E+02  0.92104E-01
 0.32730E+01  0.84129E+01  0.68640E+01 -0.14682E+02  0.93153E+00
 0.37623E+01  0.83833E+01  0.14673E+01 -0.15187E+02  0.59011E+00
 0.29071E+00  0.44831E+01  0.84796E+01 -0.15655E+02  0.16226E+00
 0.75318E+01  0.26614E+00  0.17829E+01 -0.15250E+02  0.22531E+00
 0.27669E+01  0.25741E+01  0.43818E+01 -0.13994E+02  0.18072E+00
 0.14452E+00  0.59748E+01  0.50903E+01 -0.13564E+02  0.59173E+00
 0.54278E+01  0.23324E-01  0.27537E+01 -0.15291E+02  0.50302E+00
 0.73760E+01  0.92065E+01  0.81896E+01 -0.14261E+02  0.58254E+00
 0.69452E+01  0.80173E+00  0.80909E+01 -0.13149E+02  0.19773E+01
 0.69065E+01  0.78004E+01  0.25319E+01 -0.15672E+02  0.10250E+01
 0.35108E+01  0.31846E+01  0.39690E+01 -0.14009E+02  0.21745E+00
 0.67027E+01  0.61581E+01  0.54579E+01 -0.13562E+02  0.71414E+00
 0.90218E+01  0.31311E+01  0.12894E+01 -0.15013E+02  0.10372E+01
 0.49884E+01  0.17433E+01  0.77212E+01 -0.14983E+02  0.98340E+00
 0.85749E+01  0.18346E+01  0.97475E+00 -0.14727E+02  0.62260E+00
 0.59400E+01  0.51308E+01  0.20994E+01 -0.14111E+02  0.10136E+00
 0.85772E+01  0.11989E+01  0.41840E+01 -0.14423E+02  0.41863E+00
 0.77911E+01  0.43743E+01  0.53141E+01 -0.14583E+02  0.11790E+01
 0.76505E+00  0.53151E+01  0.25865E+01 -0.17709E+02  0.46743E+00
 0.28489E+01  0.93263E+00  0.60081E+01 -0.16611E+02  0.91661E-01
 0.86585E+01  0.59799E+01  0.56292E+01 -0.13270E+02  0.91631E-01
 0.18476E+01  0.80223E+01  0.48859E+01 -0.15119E+02  0.36400E+00
 0.15780E+01  0.32531E+01  0.81468E+01 -0.13135E+02  0.62436E+00
 0.46711E+01  0.87616E+01  0.25998E+01 -0.15523E+02  0.99938E+00
 0.24592E+01  0.20439E+01  0.84717E+01 -0.16270E+02  0.22738E+01
 0.16870E+01  0.28145E+01  0.13135E+01 -0.11692E+02  0.71257E-01
 0.49845E+01  0.90282E+00  0.87407E+01 -0.14971E+02  0.34517E+00
 0.20267E+01  0.16224E+01  0.48092E+01 -0.12866E+02  0.46118E+00
 0.85619E+01  0.25979E+01  0.36655E+01 -0.15222E+02  0.25707E+00
 0.75287E+01  0.79449E+00  0.46733E+01 -0.15779E+02  0.81339E+00
 0.20870E+01  0.60814E+00  0.77768E+01 -0.15560E+02  0.80918E+00
 0.56465E+00  0.90223E+01  0.47349E+01 -0.14145E+02  0.64349E+00
 0.75221E+01  0.36359E+01  0.40767E+00 -0.17369E+02  0.12654E+01
 0.75399E+01  0.63315E+01  0.14018E+01 -0.16461E+02  0.66041E-01
 0.60150E+01  0.42247E+01  0.47388E+00 -0.16904E+02  0.29323E+00
 0.34880E+01  0.75920E+01  0.92817E+01 -0.15884E+02  0.35959E+00
 0.52361E+01  0.34791E+01  0.70364E+01 -0.11541E+02  0.23797E+01
 0.83278E+00  0.47508E+01  0.67038E+01 -0.13190E+02  0.10665E+01
 0.19699E+01  0.56584E+01  0.92528E+01 -0.13576E+02  0.22904E+00
 0.29817E+01  0.71777E+01  0.23546E+01 -0.13477E+02  0.56575E+00
 0.48863E+01  0.73594E+00  0.42288E+00 -0.14258E+02  0.67217E+00
 0.10231E+01  0.65606E+00  0.59558E+01 -0.14934E+02  0.95131E+00
 0.13122E+01  0.70180E+01  0.72526E+01 -0.15350E+02  0.12962E+01
 0.91679E+00  0.25835E+01  0.21581E+01 -0.15635E+02  0.86749E-01
 0.36461E+01  0.22451E+00  0.31281E+01 -0.10966E+02  0.76129E+00
 0.80319E+01  0.31502E+00  0.10941E+00 -0.12259E+02  0.49860E+00
 0.55573E+01  0.93425E+01  0.92760E+00 -0.16370E+02  0.24374E-01
 0.36040E+01  0.22852E+01  0.86533E+01 -0.13664E+02  0.22570E-01
 0.31345E+01  0.47303E+01  0.27466E+01 -0.14501E+02  0.38485E+00
 0.31651E+01  0.71228E+01  0.81760E+01 -0.16066E+02  0.70309E+00
 0.62003E+00  0.21616E+01  0.92669E+01 -0.13923E+02  0.78816E+00
 0.86285E+01  0.49631E+01  0.56813E+00 -0.16504E+02  0.97900E+00
 0.33824E+01  0.18085E+01  0.77786E+01 -0.17573E+02  0.17705E+00
 0.79881E+01  0.57730E+01  0.63497E+00 -0.14109E+02  0.56684E+00
 0.23896E+01  0.47919E+01  0.88713E+01 -0.10355E+02  0.19207E+00
 0.10219E+01  0.68588E+01  0.84508E+01 -0.15206E+02  0.19830E+01
 0.92066E+01  0.18045E+00  0.26120E+00 -0.13957E+02  0.41978E+00
 0.20638E+01  0.46749E+01  0.64239E+01 -0.16244E+02  0.12999E+01
 0.82530E+01  0.17617E+00  0.41619E+01 -0.13990E+02  0.40409E+00
 0.89924E+01  0.23448E+01  0.26363E+01 -0.13494E+02  0.20787E+01
 0.30926E+01  0.18589E+01  0.30658E+01 -0.15603E+02  0.75756E+00
 0.21011E+01  0.70796E+01  0.80357E+01 -0.15654E+02  0.14462E+01
 0.30105E+01  0.52815E+01  0.80679E+01 -0.13554E+02  0.16866E+00
 0.58658E-01  0.56586E+01  0.33105E+01 -0.15349E+02  0.33913E-01
 0.40391E+01  0.26136E+01  0.11230E+00 -0.14771E+02  0.41083E+00
 0.87333E+01  0.68186E+01  0.55387E-03 -0.13262E+02  0.15119E+01
 0.82031E+01  0.83869E+01  0.50788E+01 -0.18430E+02  0.30669E+00
 0.92595E+01  0.30822E+01  0.51337E+01 -0.15947E+02  0.21123E+00
 0.23613E+01  0.40356E+01  0.55415E+01 -0.12165E+02  0.10346E+01
 0.12837E+01  0.91846E+01  0.89099E+00 -0.16741E+02  0.10590E+01
 0.54766E+01  0.16129E+01  0.31963E+00 -0.15453E+02  0.12460E+00
 0.38532E-01  0.22291E+01  0.16555E+01 -0.14997E+02  0.63864E+00
 0.70289E+01  0.16164E+01  0.31057E+01 -0.13815E+02  0.10048E+01
 0.56666E+01  0.47372E+01  0.83514E+01 -0.16579E+02  0.24983E+00
 0.51515E+01  0.67876E+01  0.68032E+00 -0.15083E+02  0.10244E+00
 0.33732E+01  0.33030E+01  0.89195E+01 -0.13521E+02  0.13275E+01
 0.24786E+01  0.13616E+01  0.52860E-02 -0.14305E+02  0.37728E+00
 0.46567E+01  0.10412E+01  0.58117E+01 -0.16558E+02  0.78152E+00
 0.77749E+01  0.33422E+01  0.54717E+01 -0.13767E+02  0.31179E+00
 0.90040E+01  0.18555E+01  0.73698E+01 -0.16025E+02  0.77761E-01
 0.49294E+01  0.31378E+01  0.57322E-01 -0.14204E+02  0.33472E+00
 0.92833E+01  0.86862E+01  0.90063E+01 -0.12602E+02  0.56125E+00
 0.34696E+01  0.86651E+01  0.58397E+01 -0.14849E+02  0.19248E+01
 0.67001E+01  0.56693E+01  0.36816E+01 -0.14897E+02  0.38917E-01
 0.72289E+01  0.91376E+01  0.70861E+01 -0.15240E+02  0.38832E+00
 0.86794E+01  0.31299E+01  0.60305E+01 -0.14432E+02  0.10678E+01
 0.18721E-01  0.28995E+01  0.88170E+01 -0.13704E+02  0.37467E+00
 0.53103E+01  0.66128E+01  0.25134E+01 -0.14388E+02  0.12483E+01
 0.50621E+01  0.13231E+01  0.67466E+01 -0.15911E+02  0.79013E+00
 0.20416E+01  0.40434E+01  0.10996E+01 -0.12992E+02  0.23112E+01
 0.70901E+01  0.28063E+01  0.31324E+01 -0.14830E+02  0.29598E+00
 0.14894E+01  0.42462E+01  0.38725E+01 -0.13508E+02  0.56402E+00
 0.38242E+01  0.41408E+01  0.12243E+01 -0.16339E+02  0.13276E+00
 0.65015E+01  0.56787E+01  0.13680E+01 -0.15497E+02  0.68867E+00
 0.18076E+01  0.96170E+00  0.39254E+01 -0.13860E+02  0.30065E+00
 0.36177E+01  0.36033E+01  0.70195E+01 -0.11488E+02  0.30868E-01
 0.18327E+01  0.62604E+01  0.41586E+01 -0.12843E+02  0.14859E+00
 0.74780E+01  0.47382E+01  0.51217E+00 -0.16407E+02  0.70368E+00
 0.10130E+01  0.66396E+01  0.45593E+01 -0.13773E+02  0.66276E+00
 0.85778E+01  0.32242E+00  0.67694E+01 -0.16385E+02  0.17285E+00
 0.78698E+01  0.59854E+01  0.63757E+01 -0.12665E+02  0.61226E+00
 0.62913E+01  0.68168E+01  0.24293E+01 -0.16338E+02  0.32475E+00
 0.33597E+01  0.15942E+01  0.67148E+01 -0.15793E+02  0.56995E+00
 0.92054E+01  0.51254E+01  0.72482E+01 -0.12080E+02  0.35478E+00
 0.88667E+01  0.37502E+01  0.82742E+01 -0.16556E+02  0.83969E+00
 0.56751E+01  0.12516E+01  0.39981E+01 -0.15057E+02  0.95476E+00
 0.55851E+01  0.48666E+01  0.51542E+01 -0.16019E+02  0.21182E+00
 0.48086E+01  0.59762E+01  0.62713E+01 -0.12225E+02  0.14367E+01
 0.86159E+00  0.49773E+01  0.77763E+01 -0.14288E+02  0.11667E+01
 0.62496E+01  0.52330E+01  0.59158E+01 -0.15001E+02  0.12816E+00
 0.27948E+01  0.56470E+01  0.21428E+01 -0.14048E+02  0.34348E+00
 0.57645E+01  0.20484E+01  0.61027E+01 -0.15789E+02  0.56438E+00
 0.27571E+01  0.28566E+01  0.33028E+01 -0.16126E+02  0.11100E+01
 0.65787E+01  0.34888E+01  0.10190E+01 -0.17514E+02  0.76480E+00
 0.55441E+01  0.75343E+01  0.40863E+01 -0.15470E+02  0.24535E+00
 0.44177E+01  0.73878E+01  0.40591E+01 -0.15088E+02  0.99573E+00
 0.46895E+01  0.21049E+01  0.61039E+01 -0.16689E+02  0.52073E+00
 0.11663E+01  0.43083E+01  0.59076E+01 -0.12628E+02  0.88428E+00
 0.78773E+01  0.91637E+01  0.32679E+01 -0.16747E+02  0.67808E+00
 0.79982E+01  0.62629E+01  0.41839E+01 -0.11516E+02  0.39882E+00
 0.37958E+01  0.93804E+01  0.72386E+01 -0.15658E+02  0.97883E-01
 0.54404E+01  0.87959E+01  0.19861E-01 -0.14550E+02  0.38837E-01
 0.50268E+01  0.80510E+00  0.33468E+01 -0.14868E+02  0.85639E-01
 0.33310E+00  0.20643E+01  0.49155E+01 -0.13342E+02  0.30287E+00
 0.17424E+01  0.61750E+01  0.74808E+00 -0.13465E+02  0.23605E+00
 0.12130E+01  0.79561E+01  0.15823E+01 -0.13172E+02  0.99375E-01
 0.71278E+01  0.22729E+01  0.60474E-01 -0.14114E+02  0.37103E+00
 0.65240E+01  0.44480E+00  0.58601E+01 -0.13837E+02  0.66468E+00
 0.18928E+01  0.52945E+01  0.81676E+01 -0.15837E+02  0.16257E+01
 0.74489E+01  0.52469E+01  0.29697E+01 -0.14305E+02  0.38088E+00
 0.70873E+01  0.34410E+01  0.83411E+01 -0.13234E+02  0.86524E+00
 0.12724E+01  0.43537E+01  0.27892E+01 -0.15762E+02  0.72669E+00
 0.98281E-01  0.55510E+01  0.62783E+01 -0.16660E+02  0.13406E+01
 0.18714E+00  0.55413E+01  0.82385E+01 -0.14739E+02  0.29507E+00
 0.58629E+01  0.56351E+01  0.88433E+01 -0.15084E+02  0.90638E-01
 0.15480E+01  0.42949E+01  0.80530E+01 -0.15610E+02  0.22113E+01
 0.66749E+01  0.31783E+01  0.93070E+01 -0.16075E+02  0.11961E+01
 0.86744E+01  0.64579E+00  0.50636E+01 -0.15962E+02  0.17326E+01
 0.49437E+01  0.76084E+01  0.49943E+01 -0.14461E+02  0.44730E+00
 0.51708E+01  0.82918E+01  0.34087E+01 -0.16775E+02  0.77942E-01
 0.20995E+01  0.16180E+01  0.30252E+01 -0.16069E+02  0.54244E-01
 0.76989E+01  0.12347E+01  0.23452E+01 -0.16821E+02  0.30655E+00
 0.73560E+00  0.56076E+01  0.42388E+01 -0.15488E+02  0.24587E+00
 0.26968E+01  0.78067E+00  0.32924E+01 -0.14078E+02  0.24497E+00
 0.67329E+01  0.93425E-01  0.44615E+01 -0.12163E+02  0.43524E+00
 0.77305E+01  0.74767E+01  0.68587E+01 -0.15810E+02  0.23400E-01
 0.64861E+01  0.20484E+01  0.38521E+01 -0.13945E+02  0.12908E+01
 0.30292E+01  0.16098E+01  0.99433E+00 -0.15149E+02  0.10877E+00
 0.53121E+01  0.23816E+01  0.69279E+01 -0.13465E+02  0.14047E+01
 0.76801E+01  0.67642E+01  0.49122E+00 -0.15609E+02  0.64246E+00
 0.73253E+01  0.68244E+01  0.61476E+01 -0.14414E+02  0.80522E+00
 0.53240E+01  0.95848E+00  0.22612E+01 -0.13381E+02  0.26489E+00
 0.49964E+01  0.55564E+01  0.25615E+01 -0.14589E+02  0.70604E+00
 0.51874E-01  0.93961E+01  0.37919E+01 -0.12937E+02  0.52731E+00
 0.49385E+01  0.50402E+01  0.59811E+01 -0.14186E+02  0.13687E+01
 0.85081E+01  0.93662E+01  0.12174E+01 -0.14472E+02  0.18742E+00
 0.34073E+01  0.46413E+01  0.87777E+01 -0.13856E+02  0.81685E+00
 0.71878E+01  0.13520E+01  0.56454E+01 -0.15069E+02  0.74466E+00
 0.74258E+01  0.63550E+01  0.32201E+01 -0.16400E+02  0.77056E+00
 0.92555E+01  0.90920E+01  0.19716E+01 -0.13668E+02  0.16547E-01
 0.84344E+01  0.86589E+01  0.22821E+00 -0.14715E+02  0.11954E+01
 0.69878E+01  0.76817E+01  0.43014E+01 -0.14862E+02  0.24718E+00
 0.93927E+01  0.30261E+01  0.40241E+01 -0.15755E+02  0.39534E+00
 0.75784E+01  0.50376E+01  0.68806E+01 -0.12857E+02  0.69674E+00
 0.57734E+01  0.30259E+00  0.44898E+01 -0.12329E+02  0.22822E+01
 0.74717E+00  0.60747E+01  0.48763E+00 -0.14373E+02  0.63979E-01
 0.23580E+01  0.32235E+01  0.61259E+00 -0.12362E+02  0.10590E+01
 0.62014E+00  0.35548E+01  0.80391E+01 -0.15923E+02  0.15123E+01
 0.45453E+00  0.62684E+01  0.25438E+01 -0.14383E+02  0.46705E+00
 0.46180E+01  0.59942E+01  0.52506E+01 -0.13757E+02  0.46947E+00
 0.66195E+01  0.23801E+01  0.11479E+01 -0.13624E+02  0.99241E+00
 0.78573E+01  0.68824E+01  0.88306E+01 -0.11366E+02  0.67217E+00
 0.50067E+00  0.71124E+01  0.17271E+01 -0.16518E+02  0.30300E+00
 0.35632E+01  0.62359E+01  0.78887E+01 -0.16557E+02  0.27958E+00
 0.38055E+01  0.59445E+01  0.39007E+00 -0.13595E+02  0.58090E+00
 0.40086E+01  0.52204E+01  0.77395E+01 -0.14863E+02  0.90144E-01
 0.60742E+01  0.34468E+01  0.77473E+01 -0.11767E+02  0.91816E-01
 0.78456E+01  0.25309E+01  0.45893E+01 -0.13711E+02  0.73433E+00
 0.87327E+01  0.15167E+01  0.20213E+01 -0.14086E+02  0.10711E+00
 0.74862E+01  0.52605E+01  0.15135E+01 -0.15635E+02  0.47763E+00
 0.29299E+01  0.82522E+01  0.22617E+01 -0.14781E+02  0.10669E+01
 0.66558E+01  0.46464E+01  0.50067E+01 -0.17624E+02  0.71486E+00
 0.89496E+01  0.21779E+01  0.56417E+01 -0.16929E+02  0.39937E+00
 0.90491E+01  0.81788E+01  0.80424E+01 -0.14531E+02  0.33280E+00
 0.82214E+01  0.11853E+01  0.59294E+01 -0.14922E+02  0.46538E+00
 0.68752E+01  0.70026E+01  0.92164E+01 -0.15917E+02  0.24767E+00
 0.57291E+01  0.76612E+01  0.59002E+01 -0.15362E+02  0.14955E+01
 0.41537E+01  0.66377E+01  0.34002E+01 -0.13405E+02  0.81336E+00
 0.63196E+01  0.64890E+01  0.74681E+01 -0.14995E+02  0.40781E+00
 0.61722E-01  0.82468E+01  0.38362E+01 -0.13686E+02  0.71330E+00
 0.28142E+01  0.40383E+01  0.71024E-01 -0.13613E+02  0.15716E-01
 0.11914E+01  0.35958E+01  0.72264E+00 -0.13044E+02  0.42321E+00
 0.74575E+01  0.83122E+01  0.17373E+01 -0.13396E+02  0.83311E-01
 0.76860E+01  0.17633E+01  0.39501E+01 -0.14491E+02  0.45013E-01
 0.49738E+01  0.17932E+01  0.18075E+01 -0.16530E+02  0.13314E+01
 0.91814E+01  0.72326E+01  0.74680E+01 -0.13826E+02  0.41288E+00
 0.16333E+01  0.89615E+01  0.75079E+01 -0.13989E+02  0.34077E+00
 0.64575E+01  0.49421E+01  0.69093E+01 -0.14821E+02  0.10428E+01
 0.42064E+01  0.25479E+00  0.40558E+01 -0.14835E+02  0.99948E-01
 0.34371E+01  0.69252E+01  0.75109E+00 -0.14426E+02  0.81630E+00
 0.70764E+01  0.23098E+01  0.65855E+01 -0.10901E+02  0.54720E+00
 0.75602E+00  0.78245E+01  0.70000E+00 -0.13882E+02  0.91606E-01
 0.93967E+01  0.74382E+01  0.26847E+01 -0.17813E+02  0.31209E+00
 0.97428E+00  0.14598E+01  0.44624E+01 -0.12890E+02  0.17004E+00
 0.76993E+01  0.23925E+01  0.57818E+01 -0.14450E+02  0.52027E+00
 0.23712E+01  0.57444E+01  0.57994E+01 -0.17047E+02  0.20846E+00
 0.46771E+01  0.36658E+01  0.28468E+01 -0.13969E+02  0.71848E+00
 0.61315E+01  0.29423E+01  0.48088E+01 -0.10306E+02  0.11310E+00
 0.51562E+01  0.91740E+01  0.83067E+01 -0.16974E+02  0.14035E+01
 0.91897E+01  0.89403E+01  0.64543E+01 -0.16571E+02  0.12085E+01
 0.93976E+01  0.19588E+01  0.38631E+01 -0.13708E+02  0.44214E+00
 0.45734E+01  0.84973E+01  0.43255E+01 -0.15618E+02  0.52578E+00
 0.21554E+01  0.11969E+01  0.69078E+01 -0.14967E+02  0.14513E+01
 0.56314E+01  0.38961E+01  0.34328E+01 -0.15650E+02  0.15755E+01
 0.88356E+01  0.67065E+01  0.49616E+01 -0.15024E+02  0.93830E+00
 0.51979E+01  0.77618E+01  0.18467E+00 -0.14690E+02  0.52190E+00
 0.32112E+01  0.93019E+01  0.39162E+01 -0.11526E+02  0.13606E+01
 0.86051E+01  0.77291E+01  0.33703E+01 -0.15172E+02  0.11740E+00
 0.16241E+01  0.24381E+01  0.43198E+01 -0.14472E+02  0.60192E+00
 0.48452E+00  0.56477E-01  0.88872E+01 -0.12611E+02  0.11077E+01
 0.59810E+01  0.58223E+01  0.28907E+01 -0.16573E+02  0.77931E+00
 0.44245E+01  0.33171E+01  0.98725E+00 -0.13450E+02  0.33559E+00
 0.12343E+01  0.48609E+01  0.89020E+01 -0.14078E+02  0.33501E+00
 0.12944E+01  0.51272E+01  0.50115E+00 -0.13996E+02  0.17386E+01
 0.52401E+01  0.79936E+01  0.67771E+01 -0.15616E+02  0.11510E+01
 0.57362E+01  0.81834E+01  0.86209E+01 -0.15335E+02  0.72343E+00
 0.96772E+00  0.97548E+00  0.94290E+00 -0.14865E+02  0.29067E+00
 0.75714E+01  0.14513E+01  0.67595E+01 -0.14484E+02  0.13645E+00
 0.26646E+01  0.67134E+01  0.35333E+01 -0.12989E+02  0.85085E+00
 0.40940E+01  0.13723E+01  0.84879E+01 -0.15935E+02  0.57812E+00
 0.83136E+01  0.31960E+01  0.27773E+01 -0.15810E+02  0.53939E+00
 0.90733E+01  0.89048E+00  0.12087E+01 -0.14254E+02  0.34017E+00
 0.33363E+01  0.90070E+00  0.24259E+01 -0.12527E+02  0.25733E+00
 0.43654E+01  0.32630E+01  0.86016E+01 -0.13683E+02  0.10839E+01
 0.54691E+00  0.99271E+00  0.93952E+01 -0.14433E+02  0.92427E+00
 0.84439E+01  0.59190E+01  0.31850E+01 -0.15713E+02  0.18066E+00
 0.18461E+01  0.53781E+01  0.25315E+01 -0.17131E+02  0.26104E+00
 0.10680E+01  0.58827E+01  0.87806E+01 -0.12531E+02  0.58510E+00
 0.88665E+00  0.80181E+01  0.42844E+01 -0.11678E+02  0.18906E+01
 0.76263E+01  0.46521E+01  0.79328E+01 -0.13057E+02  0.18240E+00
 0.22801E+01  0.88001E+01  0.84296E+01 -0.12956E+02  0.40052E+00
 0.86150E+01  0.23920E+01  0.83133E+01 -0.14644E+02  0.65730E+00
 0.83759E+01  0.65724E+01  0.70139E+01 -0.13648E+02  0.51839E+00
 0.37397E+01  0.89903E+01  0.47165E+01 -0.16663E+02  0.31551E+00
 0.38303E+01  0.13989E+01  0.16700E+01 -0.15511E+02  0.10609E+00
 0.29011E+01  0.36711E+01  0.16389E+01 -0.15494E+02  0.43435E+00
 0.18813E+00  0.16564E+01  0.65720E+00 -0.13236E+02  0.34724E+00
 0.25102E+00  0.72670E+01  0.43655E+01 -0.13822E+02  0.35507E+00
 0.10799E+00  0.41599E+01  0.73809E+01 -0.13554E+02  0.21520E+01
 0.43026E+01  0.48158E+01  0.39357E+01 -0.14807E+02  0.33467E+00
 0.66051E+01  0.43237E+01  0.79826E+01 -0.13218E+02  0.49917E+00
 0.86936E+01  0.76031E+01  0.44165E+01 -0.14949E+02  0.59562E+00
 0.61405E+01  0.17025E+01  0.19588E+01 -0.14846E+02  0.52685E+00
 0.51462E+01  0.37323E+01  0.80596E+01 -0.13441E+02  0.25988E+00
 0.85846E+01  0.81438E+01  0.71508E+01 -0.13768E+02  0.38934E+00
 0.47538E+01  0.50447E+01  0.16843E+01 -0.16021E+02  0.23728E+00
 0.36023E+01  0.19539E+01  0.44055E+01 -0.12649E+02  0.92409E-01
 0.42486E+01  0.33475E+00  0.81130E+01 -0.15571E+02  0.85317E+00
 0.67968E+01  0.36328E+01  0.52982E+01 -0.16023E+02  0.12236E+01
 0.42845E+01  0.64290E+01  0.23604E+01 -0.16226E+02  0.87077E+00
 0.53705E+01  0.31571E+01  0.60704E+01 -0.14861E+02  0.42254E+00
 0.14935E+01  0.66190E+01  0.16238E+01 -0.12244E+02  0.88761E+00
 0.45202E+01  0.62959E+01  0.72939E+01 -0.14784E+02  0.45731E+00
 0.69097E+01  0.18350E+01  0.75509E+01 -0.17769E+02  0.10423E+01
 0.59052E+01  0.83508E+01  0.97470E+00 -0.14478E+02  0.12262E+01
 0.27381E+01  0.67909E+01  0.59659E+01 -0.16385E+02  0.15710E+00
 0.66623E+00  0.11059E+00  0.75398E+01 -0.14846E+02  0.53251E+00
 0.33719E+01  0.61391E+01  0.52093E+01 -0.15426E+02  0.83888E+00
 0.73930E+01  0.37397E+01  0.25110E+01 -0.17267E+02  0.98815E+00
 0.88623E+01  0.35192E+01  0.69811E+01 -0.14210E+02  0.67968E-01
 0.68845E+01  0.29198E+01  0.73929E+01 -0.13748E+02  0.95765E+00
 0.42136E+01  0.69113E+01  0.49258E+01 -0.13688E+02  0.46131E+00
 0.29459E+01  0.34652E+01  0.48246E+01 -0.13418E+02  0.45394E+00
 0.88949E+01  0.38332E+01  0.36852E+01 -0.14451E+02  0.19977E+00
 0.75489E+01  0.80523E+01  0.85534E+01 -0.12533E+02  0.40691E+00
 0.19254E+01  0.35833E+01  0.63373E+01 -0.12881E+02  0.46696E+00
 0.22373E+01  0.39980E+01  0.72175E+01 -0.17071E+02  0.10475E+01
 0.80997E+01  0.78369E+01  0.24640E+01 -0.17472E+02  0.37990E+00
 0.26837E+01  0.29568E+01  0.78771E+01 -0.14864E+02  0.63269E+00
 0.65656E+01  0.26182E+01  0.56181E+01 -0.14698E+02  0.23768E+00
 0.15290E+01  0.79194E+01  0.81457E+01 -0.13552E+02  0.25151E+00
 0.69609E+01  0.11854E+01  0.15345E+01 -0.15134E+02  0.19357E+01
 0.39617E+01  0.65919E+01  0.59917E+01 -0.15502E+02  0.14356E+01
 0.24399E+01  0.52513E+01  0.72752E+01 -0.14296E+02  0.96785E+00
 0.51995E+01  0.60128E+01  0.15086E+01 -0.15442E+02  0.91731E+00
 0.38913E+01  0.78995E+01  0.51379E+01 -0.17929E+02  0.90189E+00
 0.37771E+01  0.54598E+01  0.23557E+01 -0.12672E+02  0.56185E+00
 0.52859E+01  0.85325E+01  0.53081E+01 -0.14882E+02  0.46393E+00
 0.32894E+00  0.49077E+00  0.66627E+01 -0.14670E+02  0.13081E+01
 0.59870E+01  0.55464E+01  0.76875E+01 -0.15041E+02  0.73464E+00
 0.42469E+01  0.59974E+01  0.42171E+01 -0.11471E+02  0.63891E+00
 0.51200E+01  0.65819E+01  0.44762E+01 -0.15478E+02  0.29536E+00
 0.65378E+01  0.14816E+01  0.62718E+00 -0.15397E+02  0.26979E+00
 0.40325E+01  0.39566E+01  0.11148E-01 -0.14487E+02  0.89856E+00
 0.58443E+01  0.25987E+01  0.46460E+00 -0.17378E+02  0.60899E+00
 0.83796E+01  0.68616E+01  0.28645E+01 -0.15270E+02  0.51687E+00
 0.77912E+01  0.74435E+01  0.49320E+01 -0.14417E+02  0.86820E-01
 0.47156E+01  0.80695E+01  0.17725E+01 -0.13891E+02  0.23064E+00
 0.84532E+01  0.45017E+01  0.71883E+01 -0.11223E+02  0.32192E+00
 0.88168E+01  0.39979E+01  0.53380E+01 -0.14212E+02  0.81885E+00
 0.58107E+01  0.59059E+01  0.62315E+00 -0.15619E+02  0.10722E+00
 0.87528E+01  0.80490E+01  0.60715E+01 -0.16051E+02  0.29758E+00
 0.85176E+01  0.75477E+01  0.63260E+00 -0.13294E+02  0.13865E+00
 0.36060E+01  0.52750E+01  0.46572E+01 -0.97635E+01  0.10506E+01
 0.71154E+00  0.78528E+01  0.88271E+01 -0.13389E+02  0.24279E+00
 0.11090E+01  0.38738E+01  0.71466E+01 -0.15647E+02  0.10205E+00
 0.56032E+01  0.32673E+01  0.25846E+01 -0.15317E+02  0.40737E+00
 0.75176E+01  0.19991E+01  0.99464E+00 -0.14121E+02  0.10747E+01
 0.88064E+01  0.22149E+01  0.46151E+01 -0.12019E+02  0.61022E+00
 0.61429E+01  0.67430E+01  0.61693E+01 -0.14799E+02  0.25012E+00
 0.13829E+01  0.81845E+01  0.26020E+01 -0.14179E+02  0.15319E+01
 0.58022E+01  0.57972E+01  0.66377E+01 -0.14476E+02  0.43503E+00
 0.44297E+01  0.44606E+01  0.84658E+01 -0.15686E+02  0.65365E+00
 0.24878E+01  0.41111E+00  0.44814E+01 -0.16925E+02  0.88514E+00
 0.27350E+00  0.36648E+01  0.62546E+01 -0.16103E+02  0.12327E+00
 0.21106E+01  0.64698E+01  0.24398E+01 -0.16640E+02  0.59125E-01
 0.75419E+01  0.89001E+01  0.43103E+01 -0.16161E+02  0.21839E+01
 0.37603E+01  0.28819E+01  0.77316E+01 -0.15749E+02  0.85864E+00
 0.60783E+01  0.15755E-01  0.76996E+01 -0.14055E+02  0.20669E+00
 0.13503E+01  0.22279E+01  0.53490E+01 -0.14160E+02  0.12666E+01
 0.37779E+01  0.30707E+01  0.29863E+01 -0.12738E+02  0.25956E+01
 0.98824E+00  0.61087E+01  0.77624E+01 -0.15933E+02  0.63970E+00
 0.55834E+01  0.65280E+01  0.81664E+01 -0.13914E+02  0.26514E+00
 0.24406E+01  0.32797E+00  0.89010E+01 -0.11609E+02  0.18541E+00
 0.34592E+01  0.10048E+01  0.39791E+01 -0.14293E+02  0.27938E+00
 0.38958E+00  0.84725E+01  0.27438E+01 -0.14775E+02  0.10545E+01
 0.10290E+01  0.73070E+01  0.63012E+01 -0.14191E+02  0.66913E+00
 0.68349E+01  0.72995E+01  0.14678E+01 -0.15202E+02  0.61668E+00
 0.28592E+01  0.39655E+01  0.37146E+01 -0.12914E+02  0.26396E+00
 0.74799E+01  0.88760E+01  0.92590E+01 -0.13016E+02  0.76649E+00
 0.37725E+01  0.65436E+00  0.64065E+01 -0.15865E+02  0.28640E+00
 0.78445E+01  0.52872E+01  0.38847E+01 -0.13856E+02  0.16007E+00
 0.36298E+01  0.25076E+01  0.62510E+01 -0.15334E+02  0.94013E+00
 0.64578E+01  0.94271E+00  0.49210E+01 -0.13631E+02  0.47768E+00
 0.74650E+01  0.30568E+01  0.16143E+01 -0.14983E+02  0.23980E+00
 0.22892E+01  0.79776E+00  0.23419E+01 -0.13212E+02  0.32450E+00
 0.62699E+00  0.13541E+01  0.73039E+01 -0.17028E+02  0.90013E-01
 0.94205E+00  0.90595E+01  0.65384E+01 -0.14484E+02  0.25115E+00
 0.90705E+01  0.50180E+01  0.54476E+01 -0.13329E+02  0.11715E+01
 0.33119E+01  0.70144E+01  0.43809E+01 -0.13763E+02  0.28531E+00
 0.62388E+01  0.24042E+01  0.27272E+01 -0.15854E+02  0.45232E+00
 0.30074E+01  0.55783E+01  0.91345E+01 -0.12634E+02  0.22957E+01
 0.13927E+01  0.19834E+01  0.67337E+01 -0.15249E+02  0.87528E+00
 0.20265E+01  0.28422E+00  0.59652E+01 -0.16588E+02  0.77018E+00
 0.57051E+01  0.10500E+01  0.57507E+01 -0.14683E+02  0.11505E+01
 0.18653E+00  0.62935E+01  0.89957E+01 -0.14107E+02  0.37161E+00
 0.29031E+01  0.23650E+01  0.11251E+00 -0.15882E+02  0.18110E+01
 0.26824E+01  0.57722E+01  0.10121E+01 -0.13878E+02  0.50815E+00
 0.47703E+01  0.85677E+00  0.14347E+01 -0.15246E+02  0.10429E+01
 0.51542E+01  0.25635E+01  0.52363E+01 -0.13187E+02  0.65180E+00
 0.25253E+01  0.74097E+01  0.27768E+00 -0.13555E+02  0.85831E+00
 0.59426E+01  0.38326E+01  0.87694E+01 -0.13898E+02  0.21495E+00
 0.27524E+01  0.92373E+01  0.26399E+01 -0.15623E+02  0.43681E+00
 0.29703E+01  0.40853E+01  0.63536E+01 -0.13699E+02  0.97101E+00
 0.27619E+01  0.89632E+01  0.14120E+01 -0.13204E+02  0.88407E+00
 0.53261E+01  0.44929E+01  0.25370E+01 -0.13674E+02  0.45460E+00
 0.25904E+01  0.38693E+01  0.83960E+01 -0.15273E+02  0.14525E+01
 0.20687E+01  0.33997E+01  0.41848E+01 -0.11989E+02  0.25998E+00
 0.16760E+01  0.26052E+01  0.29557E+01 -0.16982E+02  0.10741E+01
 0.79853E+01  0.58727E+01  0.22321E+01 -0.14766E+02  0.99497E+00
 0.82035E+01  0.50468E+01  0.60552E+01 -0.12020E+02  0.15402E+01
 0.82613E+01  0.89576E+01  0.22407E+01 -0.15535E+02  0.84571E+00
 0.88231E+01  0.43635E+01  0.91519E+01 -0.16931E+02  0.60266E+00
 0.33037E+01  0.59358E+01  0.39898E+01 -0.10741E+02  0.15171E+01
 0.80214E+01  0.87084E+01  0.65118E+01 -0.15013E+02  0.10566E-01
 0.44420E+01  0.30231E+01  0.67565E+01 -0.13447E+02  0.14510E+01
 0.71920E+01  0.59764E+01  0.93622E+01 -0.15066E+02  0.53345E+00
 0.81778E+01  0.20755E+01  0.92974E+01 -0.13866E+02  0.36997E+00
 0.49462E+01  0.17120E+01  0.29060E+01 -0.15483E+02  0.13543E+01
 0.79043E+01  0.39875E+01  0.86724E+01 -0.14574E+02  0.95056E+00
 0.83412E+01  0.36828E+01  0.18767E+01 -0.13577E+02  0.53454E+00
 0.73313E+01  0.93638E+01  0.53040E+01 -0.16425E+02  0.96994E-01
 0.16970E+00  0.77167E+01  0.66428E+01 -0.14206E+02  0.30400E+00
 0.93516E+01  0.85344E+01  0.70456E+00 -0.15157E+02  0.41788E+00
 0.74772E+01  0.45076E+00  0.62623E+01 -0.15503E+02  0.20998E+00
 0.73512E+01  0.70269E+01  0.80404E+01 -0.88705E+01  0.89829E+00
 0.56112E+00  0.26027E+01  0.31369E+01 -0.16847E+02  0.80887E-01
 0.92599E+01  0.72048E+01  0.85553E+01 -0.14215E+02  0.10868E+00
 0.61390E+01  0.79045E+01  0.48672E+01 -0.14367E+02  0.31462E+00
 0.34107E+01  0.33444E+01  0.69487E+00 -0.15430E+02  0.10515E+01
 0.58718E+00  0.66460E+01  0.36041E+01 -0.16702E+02  0.16297E+01
 0.46313E+01  0.74041E+01  0.28959E+01 -0.17606E+02  0.21128E+01
 0.49509E+01  0.82395E+01  0.77897E+01 -0.14807E+02  0.90860E+00
 0.39121E+01  0.94433E+00  0.77557E+00 -0.16891E+02  0.86183E-01
 0.85413E+01  0.65795E+01  0.11092E+01 -0.14396E+02  0.88225E+00
 0.88183E+01  0.62837E+01  0.82318E+01 -0.15011E+02  0.18379E+00
 0.93121E+01  0.77502E+01  0.67658E-01 -0.11188E+02  0.35974E+00
 0.82834E+01  0.24674E+01  0.18725E+01 -0.15815E+02  0.18139E+00
 0.66138E+01  0.81496E+01  0.92014E+01 -0.15326E+02  0.26718E+00
 0.88657E+01  0.57163E+01  0.42189E+01 -0.14360E+02  0.25220E+00
 0.13057E+01  0.91016E+01  0.55262E+01 -0.16692E+02  0.33591E+00
 0.36065E+01  0.68162E+01  0.69756E+01 -0.15073E+02  0.10712E+01
 0.41722E+01  0.91936E-01  0.56423E+01 -0.16616E+02  0.84553E+00
 0.38159E+01  0.38761E+01  0.55575E+01 -0.12670E+02  0.51540E+00
 0.90570E+00  0.32841E+01  0.91385E+01 -0.15216E+02  0.66070E+00
 0.18086E+01  0.13621E+01  0.58662E+01 -0.17569E+02  0.22879E+00
 0.16537E+01  0.52005E+01  0.41922E+01 -0.13810E+02  0.82964E+00
 0.41481E+01  0.10506E+01  0.73087E+01 -0.15815E+02  0.12116E+01
 0.38736E+01  0.53690E+01  0.57179E+01 -0.12349E+02  0.10771E+01
 0.46866E+01  0.22295E+01  0.86709E+01 -0.15584E+02  0.27152E+00
 0.36607E+01  0.41923E+01  0.44804E+01 -0.15647E+02  0.42846E+00
 0.68821E+01  0.37537E+01  0.34756E+01 -0.14425E+02  0.37649E+00
 0.34555E+01  0.14874E+01  0.93602E+01 -0.15097E+02  0.46440E+00
 0.88258E+01  0.48637E+01  0.34905E+01 -0.15630E+02  0.48094E+00
 0.12386E+01  0.81329E+01  0.70010E+01 -0.14235E+02  0.52764E+00
 0.89283E+01  0.88807E+01  0.30604E+01 -0.14404E+02  0.68579E+00
 0.79454E+01  0.21302E+01  0.29339E+01 -0.14219E+02  0.77599E+00
 0.21462E+01  0.20254E+01  0.80526E+00 -0.12873E+02  0.59857E+00
 0.31063E+01  0.48108E+01  0.54621E+01 -0.11901E+02  0.10037E+00
 0.75632E+01  0.82471E+01  0.75804E+01 -0.13920E+02  0.34433E+00
 0.71747E+01  0.88137E+01  0.25204E+01 -0.13527E+02  0.49565E+00
 0.58987E+01  0.67227E+01  0.13931E+01 -0.14958E+02  0.13434E+01
 0.28017E+01  0.31205E+01  0.69043E+01 -0.12342E+02  0.12809E+01
 0.80233E+01  0.31292E+01  0.79080E+01 -0.16148E+02  0.77695E+00
 0.88874E+01  0.63367E+01  0.21668E+01 -0.12322E+02  0.11263E+00
 0.57328E+01  0.74728E+01  0.29823E+01 -0.14946E+02  0.47739E+00
 0.38508E+01  0.73342E+01  0.17607E+01 -0.14156E+02  0.45256E+00
 0.56365E+01  0.41916E+01  0.62512E+01 -0.16209E+02  0.48082E+00
 0.70911E+01  0.32891E+01  0.62805E+01 -0.13490E+02  0.23916E+00
 0.44650E+01  0.48476E+01  0.50199E+01 -0.13991E+02  0.62335E+00
 0.84484E+01  0.33496E+01  0.45154E+01 -0.13015E+02  0.33600E+00
 0.40028E+01  0.55411E+01  0.87135E+01 -0.12897E+02  0.97838E+00
 0.48853E+00  0.93102E+00  0.82928E+01 -0.16801E+02  0.68026E+00
 0.44855E+01  0.43195E+01  0.73681E+01 -0.16081E+02  0.13385E+00
 0.51124E+01  0.68526E+01  0.57113E+01 -0.14133E+02  0.56770E+00
 0.64675E+01  0.84323E+01  0.70304E+01 -0.16680E+02  0.70272E+00
 0.10204E+01  0.74692E+01  0.51941E+01 -0.16577E+02  0.79324E+00
 0.12569E+01  0.93026E+00  0.29592E+01 -0.14388E+02  0.10216E+01
 0.78183E+01  0.74411E+00  0.86187E+01 -0.14640E+02  0.79567E+00
 0.42491E+01  0.64517E+01  0.11541E+01 -0.13650E+02  0.34584E+00
 0.32957E+01  0.86344E+01  0.88502E+01 -0.14182E+02  0.14031E+00
 0.63634E+01  0.81342E+01  0.36125E+01 -0.14714E+02  0.10217E+01
 0.77980E+01  0.72624E+01  0.38299E+01 -0.14961E+02  0.66891E+00
 0.78210E+01  0.50442E+01  0.90083E+01 -0.13936E+02  0.20487E+00
 0.26481E+01  0.86539E+01  0.45320E+01 -0.14170E+02  0.13668E+01
 0.21916E+01  0.92331E+01  0.35892E+01 -0.15104E+02  0.12006E+01
 0.26275E+01  0.15537E+00  0.45080E+00 -0.13267E+02  0.18777E+01
 0.64033E+01  0.38416E+01  0.68773E+01 -0.12544E+02  0.21567E+01
 0.88428E+01  0.73041E+01  0.17894E+01 -0.15843E+02  0.67792E+00
 0.48893E+01  0.28051E+01  0.77625E+01 -0.14412E+02  0.78331E-01
 0.84479E+01  0.85520E+01  0.39866E+01 -0.14675E+02  0.17572E+01
 0.77660E+01  0.59427E+01  0.84092E+01 -0.15154E+02  0.16426E+01
 0.14144E+01  0.16245E+01  0.21547E+00 -0.15370E+02  0.12595E+01
 0.78514E+01  0.73722E+01  0.14163E+01 -0.15806E+02  0.10877E+01
 0.91565E+01  0.92456E+01  0.80590E+01 -0.15869E+02  0.55845E+00
 0.15964E+00  0.32679E+01  0.23947E+01 -0.15461E+02  0.50968E+00
 0.11805E+01  0.44861E+01  0.13134E+01 -0.14177E+02  0.18722E+01
 0.15829E+01  0.72550E+01  0.39585E+01 -0.13925E+02  0.14743E+01
 0.49625E+01  0.56499E+01  0.80943E+01 -0.17214E+02  0.11500E+01
 0.75571E+01  0.41543E+01  0.13838E+01 -0.16909E+02  0.51903E+00
 0.71166E+01  0.55938E+01  0.46449E+01 -0.15458E+02  0.29284E-01
 0.44881E+01  0.72481E+01  0.65261E+01 -0.13104E+02  0.15362E+00
 0.34996E+01  0.80959E+01  0.41713E+01 -0.14031E+02  0.78202E+00
 0.21595E+01  0.46801E+01  0.32579E+01 -0.13218E+02  0.11329E+01
 0.12071E+01  0.32018E+01  0.37586E+01 -0.13677E+02  0.88076E+00
 0.63018E+00  0.76633E+01  0.77223E+01 -0.11712E+02  0.16832E+01
 0.59058E+00  0.21069E+01  0.60477E+01 -0.16786E+02  0.67020E+00
 0.11733E+01  0.36230E+01  0.19750E+01 -0.16666E+02  0.82238E+00
 0.59602E+01  0.65444E+00  0.17290E+00 -0.16145E+02  0.66154E+00
 0.48302E+01  0.93664E+01  0.48418E+01 -0.13453E+02  0.16144E+01
 0.40779E+01  0.76030E+01  0.84279E+01 -0.15591E+02  0.57401E+00
 0.86805E+01  0.54270E+00  0.21179E+01 -0.13057E+02  0.21801E+00
 0.32704E+01  0.10863E+00  0.81977E+01 -0.15308E+02  0.10150E+01
 0.70197E+01  0.46570E+01  0.38560E+01 -0.13326E+02  0.90181E+00
 0.48789E+01  0.85712E+01  0.88257E+00 -0.12439E+02  0.73923E+00
 0.56645E+01  0.59212E+01  0.54333E+01 -0.14828E+02  0.59895E+00
 0.29177E-01  0.81270E+01  0.49742E+01 -0.16817E+02  0.22064E+00
 0.43532E+01  0.49320E+01  0.93901E+01 -0.13259E+02  0.35107E+00
 0.46221E+01  0.38101E+01  0.49675E+01 -0.15131E+02  0.64293E+00
 0.35191E+01  0.75419E+01  0.62759E+01 -0.14206E+02  0.58729E+00
 0.86618E+00  0.29924E+01  0.47172E+01 -0.12672E+02  0.39073E+00
 0.27460E+01  0.26519E+01  0.13398E+01 -0.12640E+02  0.20838E+01
 0.12930E+01  0.54137E+01  0.59833E+01 -0.15013E+02  0.91909E+00
 0.78907E+01  0.34189E+01  0.37209E+01 -0.13536E+02  0.15809E+01
 0.17281E+00  0.11094E+01  0.55872E+01 -0.17028E+02  0.59069E+00
 0.46216E+01  0.83871E+01  0.88752E+01 -0.14725E+02  0.73621E+00
 0.88977E+01  0.68624E+00  0.87079E+01 -0.17458E+02  0.13230E+00
 0.19067E+01  0.72516E+01  0.56731E+01 -0.13843E+02  0.77373E+00
 0.75296E+01  0.13012E+01  0.12565E+00 -0.15122E+02  0.88284E+00
 0.50558E+01  0.60907E+01  0.35167E+01 -0.14473E+02  0.10122E+00
 0.29669E+01  0.93408E+01  0.64113E+01 -0.15577E+02  0.87359E+00
 0.20877E+00  0.60889E+01  0.15322E+01 -0.14022E+02  0.32314E+00
 0.10651E+01  0.32699E+01  0.56577E+01 -0.12380E+02  0.50210E+00
 0.12467E+01  0.69943E+01  0.26360E+01 -0.16182E+02  0.41070E+00
 0.71245E+01  0.83651E+01  0.51417E+01 -0.17455E+02  0.53146E+00
 0.55746E+01  0.50031E+01  0.11257E+01 -0.12141E+02  0.27971E+00
 0.13200E+01  0.64971E+00  0.69383E+01 -0.13559E+02  0.38888E+01
 0.87848E+01  0.51223E+00  0.31734E+01 -0.14263E+02  0.52269E+00
 0.69034E+01  0.43063E+01  0.90969E+01 -0.16718E+02  0.62078E+00
 0.70619E+01  0.66036E+01  0.43377E+01 -0.14500E+02  0.90233E+00
 0.90898E+01  0.59213E+01  0.57304E+00 -0.13843E+02  0.42086E+00
 0.58852E+01  0.69293E+01  0.50770E+01 -0.13356E+02  0.56577E+00
 0.81182E+01  0.46553E+01  0.22087E+01 -0.16159E+02  0.36601E-01
 0.42951E+01  0.68275E+01  0.13467E-01 -0.14896E+02  0.25309E+00
 0.56511E+01  0.26962E+01  0.15961E+01 -0.14714E+02  0.31623E-01
 0.89597E+00  0.64593E+01  0.56520E+01 -0.16173E+02  0.71635E+00
 0.69329E+01  0.30112E+01  0.41810E+01 -0.15358E+02  0.38434E+00
 0.92576E+01  0.29055E+01  0.77489E+01 -0.14997E+02  0.31330E+00
 0.19816E+01  0.61826E+01  0.74874E+01 -0.14688E+02  0.85279E+00
 0.66404E+01  0.84395E+01  0.81076E+01 -0.14326E+02  0.11159E+01
 0.25864E+01  0.78706E+01  0.62101E+01 -0.14043E+02  0.10157E+01
 0.37036E+01  0.54997E+01  0.13197E+01 -0.14994E+02  0.13877E+01
 0.85385E+01  0.82572E+01  0.14128E+01 -0.16387E+02  0.19037E+00
 0.44146E+01  0.65822E+01  0.83797E+01 -0.14394E+02  0.21930E+00
 0.30530E+01  0.97681E-01  0.53776E+01 -0.17663E+02  0.67199E+00
 0.32352E+01  0.27165E+01  0.22270E+01 -0.13808E+02  0.11773E+00
 0.62494E+01  0.28382E+01  0.66235E+01 -0.12164E+02  0.83811E+00
 0.30787E+01  0.82115E+01  0.78898E+01 -0.13468E+02  0.21236E+00
 0.35756E+01  0.92837E+01  0.20144E+01 -0.15032E+02  0.57642E+00
 0.80302E+01  0.16027E+01  0.50045E+01 -0.13477E+02  0.13513E+00
 0.86317E+01  0.48353E+01  0.81802E+01 -0.14040E+02  0.32987E+00
 0.57809E+01  0.76540E+01  0.76047E+01 -0.14272E+02  0.69078E+00
 0.34963E+01  0.45722E+00  0.91847E+01 -0.16548E+02  0.19269E+00
 0.32697E+01  0.63500E+01  0.28373E+01 -0.13991E+02  0.76244E+00
 0.90795E+01  0.24310E+01  0.25467E+00 -0.11767E+02  0.11740E+01
 0.41013E+01  0.83013E+00  0.48707E+01 -0.15186E+02  0.42935E+00
 0.81412E+01  0.27715E+01  0.70274E+00 -0.14194E+02  0.99481E+00
 0.53897E+00  0.83714E+01  0.58926E+01 -0.13475E+02  0.28268E+00
 0.15987E+01  0.15706E+01  0.76986E+01 -0.15692E+02  0.70551E+00
 0.70381E+01  0.19638E+01  0.47997E+01 -0.14255E+02  0.98880E-01
 0.67290E+01  0.62611E+01  0.84441E+01 -0.14768E+02  0.23865E+01
 0.43328E+01  0.85976E+01  0.68592E+01 -0.16200E+02  0.21395E+00
 0.54361E+01  0.34327E+01  0.97067E+00 -0.11633E+02  0.47017E+00
 0.57897E+01  0.40785E+01  0.16383E+01 -0.14044E+02  0.36769E+00
 0.14710E+01  0.81222E+01  0.59585E+01 -0.11472E+02  0.99002E+00
 0.17604E+01  0.30080E+01  0.71704E+01 -0.12125E+02  0.11442E+01
 0.43143E+01  0.28007E+01  0.44151E+01 -0.14392E+02  0.15787E+01
 0.25103E+01  0.45066E+01  0.45923E+01 -0.13340E+02  0.54141E+00
 0.32189E+01  0.45687E+01  0.73246E+01 -0.16394E+02  0.20528E+00
 0.36866E+01  0.15731E+01  0.57687E+01 -0.15446E+02  0.28939E-01
 0.66176E+01  0.14003E+01  0.89367E+01 -0.14872E+02  0.69698E+00
 0.32472E+01  0.49334E+01  0.38004E+01 -0.12638E+02  0.71533E+00
 0.52295E+01  0.55259E+01  0.44686E+01 -0.14621E+02  0.49971E+00
 0.73112E+01  0.53511E+01  0.56612E+01 -0.14329E+02  0.56087E+00
 0.20644E+01  0.24198E+00  0.15354E+01 -0.11898E+02  0.11363E+01
 0.79610E+01  0.30627E+01  0.67930E+01 -0.14174E+02  0.20523E+00
 0.75525E+00  0.42699E+01  0.16086E+00 -0.15129E+02  0.11215E+01
 0.30295E+01  0.52352E+01  0.64176E+01 -0.14784E+02  0.23658E+00
 0.84569E+01  0.77770E+01  0.89081E+01 -0.13237E+02  0.38626E+00
 0.60636E+01  0.12819E+01  0.29369E+01 -0.14695E+02  0.31180E+00
 0.77724E+01  0.78360E+01  0.59180E+01 -0.14158E+02  0.81408E+00
 0.47515E+01  0.39890E+01  0.17686E+01 -0.13468E+02  0.57541E+00
 0.79138E+01  0.43832E+01  0.32476E+01 -0.16061E+02  0.62019E-01
 0.82587E+01  0.91563E+01  0.86401E+01 -0.14564E+02  0.38840E+00
 0.17886E+01  0.64460E+01  0.64423E+01 -0.15203E+02  0.16958E+00
 0.40798E+01  0.88148E+01  0.34789E+01 -0.12543E+02  0.12203E+01
 0.11721E+01  0.18987E+01  0.12482E+01 -0.13562E+02  0.22965E+00
 0.11840E+01  0.18336E+01  0.35149E+01 -0.15641E+02  0.30124E+00
 0.44058E+01  0.18327E+01  0.50309E+01 -0.14691E+02  0.30841E+00
 0.16452E+01  0.77964E+01  0.92965E+01 -0.14109E+02  0.17317E+01
 0.47301E+00  0.16613E+01  0.25611E+01 -0.16402E+02  0.31832E+00
 0.73715E+01  0.69266E+01  0.22716E+01 -0.16238E+02  0.60591E+00
 0.24029E+01  0.56477E+01  0.34802E+01 -0.14694E+02  0.12467E+01
 0.13424E+01  0.10769E+01  0.19193E+01 -0.16794E+02  0.46234E+00
 0.60272E+01  0.29284E+01  0.36093E+01 -0.14485E+02  0.75068E+00
 0.54867E+01  0.87695E+01  0.19175E+01 -0.14760E+02  0.30143E+00
 0.96711E+00  0.26412E+01  0.76680E+01 -0.13836E+02  0.34863E+00
 0.93495E+01  0.62104E+01  0.73592E+01 -0.16329E+02  0.23272E+00
 0.62541E+01  0.39337E+01  0.43101E+01 -0.15194E+02  0.20047E+01
 0.25105E+01  0.78389E+01  0.87056E+01 -0.13889E+02  0.40359E+00
 0.74256E+01  0.64841E+01  0.71826E+01 -0.12517E+02  0.60956E+00
 0.27215E+01  0.19871E+01  0.54719E+01 -0.14123E+02  0.48485E+00
 0.60807E+01  0.50652E+01  0.41406E+01 -0.13362E+02  0.88542E+00
 0.27337E+01  0.64318E+01  0.23746E+00 -0.10612E+02  0.48975E+00
 0.30496E+01  0.59850E+00  0.13437E+01 -0.16475E+02  0.11292E+00
 0.63989E+01  0.40291E+01  0.25209E+01 -0.13012E+02  0.17610E+00
 0.23971E+01  0.86805E+01  0.55309E+01 -0.15935E+02  0.62104E+00
 0.91631E+01  0.13554E+01  0.65181E+01 -0.16085E+02  0.25668E+00
 0.56714E+01  0.17495E+01  0.86278E+01 -0.15437E+02  0.26831E+00
 0.57389E+01  0.38027E+01  0.52322E+01 -0.15866E+02  0.22512E+01
 0.54403E+01  0.90031E+01  0.70733E+01 -0.15350E+02  0.96686E+00
 0.20642E+01  0.95645E+00  0.82648E+00 -0.13988E+02  0.44830E+00
 0.43171E+01  0.46618E+01  0.26109E+01 -0.14710E+02  0.11200E+00
 0.83696E+01  0.56527E+01  0.75528E+01 -0.13171E+02  0.30225E+00
 0.56984E+01  0.27997E+01  0.87774E+01 -0.15075E+02  0.22094E+00
 0.17396E+01  0.12154E+01  0.86360E+01 -0.15075E+02  0.38171E+00
 0.88535E+01  0.66832E+01  0.38665E+01 -0.15337E+02  0.46420E+00
 0.90684E+01  0.44683E+01  0.63761E+01 -0.13904E+02  0.42205E+00
 0.14101E+01  0.22531E+01  0.85570E+01 -0.17353E+02  0.93249E+00
 0.20304E+01  0.82107E+01  0.92043E+00 -0.11985E+02  0.88378E+00
 0.15554E+00  0.86883E+00  0.46077E+01 -0.13316E+02  0.22602E+00
 0.20614E+01  0.51015E+01  0.15460E+01 -0.15086E+02  0.12275E+01
 0.46875E+01  0.26515E+00  0.66355E+01 -0.17019E+02  0.70610E-01
 0.15764E+01  0.89706E+01  0.45064E+01 -0.15390E+02  0.51542E+00
 0.38012E+01  0.40876E+01  0.33011E+01 -0.13198E+02  0.37287E+00
 0.14212E+01  0.38491E+01  0.49032E+01 -0.13465E+02  0.11422E+01
 0.21341E+01  0.74276E+01  0.30265E+01 -0.14018E+02  0.98962E+00
 0.41982E+00  0.43951E+01  0.21712E+01 -0.17545E+02  0.74729E+00
 0.69113E+01  0.87722E+01  0.61033E+01 -0.17903E+02  0.99676E-01
 0.31150E+01  0.11801E+01  0.49572E+01 -0.16620E+02  0.11638E+01
 0.24706E+01  0.55280E+01  0.47146E+01 -0.13228E+02  0.12133E+01
 0.54270E+01  0.50176E+01  0.12902E+00 -0.14049E+02  0.68014E-01
 0.95766E+00  0.70127E+01  0.87682E-01 -0.14034E+02  0.12062E+00
 0.45436E+01  0.93569E+01  0.92130E+01 -0.15969E+02  0.32498E+00
 0.46564E+01  0.29251E+01  0.21097E+01 -0.14624E+02  0.11584E+01
 0.36707E+01  0.92925E+01  0.87409E+00 -0.15395E+02  0.39890E+00
 0.20730E+01  0.30471E+01  0.51530E+01 -0.13270E+02  0.13902E+01
 0.35547E+01  0.25740E+01  0.51639E+01 -0.13478E+02  0.26413E+00
 0.69990E+01  0.43310E+01  0.61087E+01 -0.15745E+02  0.30070E+01
 0.15308E+01  0.27045E+01  0.20604E+00 -0.13057E+02  0.44887E+00
 0.68014E+01  0.10053E+01  0.39061E+01 -0.14429E+02  0.28881E+00
 0.29200E+00  0.39682E+01  0.11717E+01 -0.16972E+02  0.17965E+00
 0.78395E+01  0.83869E+00  0.34165E+01 -0.14094E+02  0.46795E+00
 0.79124E+01  0.21412E+01  0.75055E+01 -0.16532E+02  0.79585E+00
 0.34563E+01  0.74654E+01  0.33806E+01 -0.14719E+02  0.10835E+00
 0.82656E+01  0.90846E+01  0.75222E+01 -0.15770E+02  0.12127E+01
 0.69138E+01  0.81069E+01  0.88476E+00 -0.14417E+02  0.73038E+00
 0.26557E+01  0.90809E+01  0.74087E+01 -0.14469E+02  0.20648E+01
 0.82759E+01  0.44082E+01  0.43122E+01 -0.16043E+02  0.79384E+00
 0.83840E+01  0.12862E+01  0.79831E+01 -0.15557E+02  0.10968E+01
 0.14330E+01  0.70493E-01  0.83970E+01 -0.15094E+02  0.20886E-01
 0.24793E+01  0.76120E+01  0.41974E+01 -0.12241E+02  0.68406E+00
 0.24832E+01  0.66277E+01  0.49369E+01 -0.15406E+02  0.20291E-02
 0.26956E+00  0.50548E+01  0.99025E+00 -0.16408E+02  0.22385E+01
 0.66105E+01  0.47055E+01  0.12424E+01 -0.14970E+02  0.55365E+00
 0.62928E+01  0.49916E+00  0.20769E+01 -0.17312E+02  0.21355E+00
 0.10614E+01  0.89804E+01  0.35506E+01 -0.13911E+02  0.88648E+00
 0.19829E+01  0.87813E+01  0.65393E+01 -0.14449E+02  0.77261E-01
 0.44972E+01  0.13683E+01  0.41049E+01 -0.14254E+02  0.89369E-01
 0.53126E+01  0.51103E+01  0.34095E+01 -0.14190E+02  0.63597E+00
 0.48825E+01  0.58826E+01  0.92163E+01 -0.14687E+02  0.57595E+00
 0.31525E+00  0.10508E+01  0.34055E+01 -0.14271E+02  0.15995E+00
 0.80910E+01  0.40161E+01  0.63352E+01 -0.14081E+02  0.10222E+01
 0.39003E+01  0.80150E+01  0.24737E+01 -0.13813E+02  0.84133E-02
 0.51522E+00  0.13766E+00  0.28802E+01 -0.13225E+02  0.21069E+00
 0.84997E+01  0.33382E+01  0.91954E+01 -0.12159E+02  0.10557E+01
 0.82745E+00  0.76344E+01  0.33263E+01 -0.14016E+02  0.25561E+00
 0.34432E+01  0.64997E+01  0.89388E+01 -0.13268E+02  0.81825E+00
 0.47137E+01  0.55235E+01  0.74644E+00 -0.14046E+02  0.10042E+00
 0.19284E+01  0.35868E+01  0.30926E+01 -0.14254E+02  0.31084E-01
 0.54057E+01  0.68551E+01  0.68933E+01 -0.14816E+02  0.13687E+01
 0.71101E+01  0.21416E+01  0.20339E+01 -0.16358E+02  0.46555E+00
 0.73352E+01  0.39729E+01  0.44845E+01 -0.12266E+02  0.73229E+00
 0.80174E+00  0.62125E+01  0.67184E+01 -0.14893E+02  0.52133E+00
 0.83727E+01  0.93076E+01  0.57935E+01 -0.18422E+02  0.33585E+00
 0.74322E+01  0.81130E+01  0.34602E+01 -0.16920E+02  0.88814E-01
 0.30025E+01  0.69174E+00  0.72743E+01 -0.17277E+02  0.73560E-01
 0.15918E+01  0.22085E-01  0.26339E+01 -0.14594E+02  0.48030E+00
 0.26101E+01  0.16466E+01  0.40032E+01 -0.13472E+02  0.20764E+00
 0.28430E+01  0.75661E+01  0.52159E+01 -0.15901E+02  0.19201E+01
 0.37951E+01  0.37706E+01  0.21690E+01 -0.13991E+02  0.14076E+01
 0.40329E+01  0.86422E+01  0.79776E+01 -0.15441E+02  0.13664E+00
 0.14579E+01  0.52612E+00  0.93703E+01 -0.14550E+02  0.95065E+00
 0.17975E+01  0.40206E+01  0.90967E+01 -0.15284E+02  0.11484E+01
 0.21475E+01  0.31284E+01  0.21577E+01 -0.13915E+02  0.19856E+01
 0.58907E+01  0.87209E+01  0.61946E+01 -0.15704E+02  0.21401E+00
 0.42067E+01  0.20185E+01  0.70903E+01 -0.16039E+02  0.78119E-01
 0.68203E+01  0.71399E+00  0.71313E+01 -0.11479E+02  0.79734E+00
 0.28228E+01  0.61341E+01  0.69178E+01 -0.16064E+02  0.80284E+00
 0.75176E+01  0.90060E+01  0.90764E+00 -0.14576E+02  0.51582E+00
 0.48749E+01  0.52885E+01  0.71122E+01 -0.15632E+02  0.81331E+00
 0.93323E+01  0.47011E+01  0.44900E+01 -0.15306E+02  0.10132E+00
 0.23097E+01  0.48584E+01  0.46706E+00 -0.13974E+02  0.10225E+01
 0.69666E+01  0.43563E+00  0.90898E+01 -0.12708E+02  0.30695E+00
 0.43826E+01  0.29976E+01  0.56890E+01 -0.12826E+02  0.84548E+00
 0.51293E+01  0.72662E+01  0.87223E+01 -0.13231E+02  0.18983E+01
 0.73692E+01  0.40211E+01  0.71747E+01 -0.13794E+02  0.64279E+00
 0.20936E+01  0.75389E+01  0.20336E+01 -0.13205E+02  0.25509E+00
 0.67748E+01  0.59613E+01  0.64558E+01 -0.12913E+02  0.14978E+01
 0.18031E+01  0.82425E+01  0.36273E+01 -0.14436E+02  0.18397E+01
 0.93674E+00  0.29276E+01  0.66206E+01 -0.14241E+02  0.94368E+00
 0.51767E+01  0.92619E+01  0.37508E+01 -0.14783E+02  0.93047E+00
 0.14964E+01  0.58485E+01  0.50285E+01 -0.13528E+02  0.82239E+00
 0.24439E+01  0.67304E+01  0.14124E+01 -0.13816E+02  0.16880E+00
 0.19461E+01  0.86400E+01  0.19232E+01 -0.13240E+02  0.97591E+00
 0.48858E+01  0.70986E+01  0.16790E+01 -0.13694E+02  0.27712E+00
 0.45920E+01  0.81266E+01  0.59609E+01 -0.15557E+02  0.18170E+01
 0.39623E+01  0.77179E+01  0.73241E+01 -0.14873E+02  0.37964E+00
 0.41460E+01  0.56224E+01  0.32297E+01 -0.12515E+02  0.78605E+00
 0.38216E+01  0.45845E+01  0.65050E+01 -0.11648E+02  0.34256E+00
 0.70817E+01  0.55904E+01  0.76354E+01 -0.12938E+02  0.10669E+00
 0.74761E+01  0.18185E+01  0.84906E+01 -0.17871E+02  0.80657E+00
 0.92972E+01  0.66145E+01  0.63875E+01 -0.15724E+02  0.48522E+00
 0.40764E+00  0.37648E+01  0.31949E+01 -0.14435E+02  0.24988E+00
 0.57946E+01  0.66527E+01  0.91829E+01 -0.15360E+02  0.43368E+00
 0.57381E-01  0.73450E+01  0.56097E+01 -0.15266E+02  0.93457E+00
 0.23147E+01  0.29854E+01  0.88615E+01 -0.13810E+02  0.43256E+00
 0.65128E+01  0.90581E+01  0.36623E+00 -0.13827E+02  0.33517E+00
 0.59250E+01  0.12554E+01  0.74004E+01 -0.15543E+02  0.46984E+00
 0.14383E+01  0.54712E+01  0.70283E+01 -0.13295E+02  0.27760E+00
 0.90269E+00  0.89630E+01  0.19683E+01 -0.16243E+02  0.12288E+01
 0.59310E+01  0.66634E+01  0.36424E+01 -0.16862E+02  0.61625E+00
 0.79149E+01  0.93094E+00  0.10675E+01 -0.14993E+02  0.19756E+01
 0.28848E+01  0.11017E+01  0.84270E+01 -0.14986E+02  0.29177E+00
 0.28565E+01  0.41452E+01  0.91543E+00 -0.12177E+02  0.62852E+00
 0.43439E+01  0.34262E+01  0.75158E+01 -0.12352E+02  0.94462E-01
 0.46886E+01  0.21948E-01  0.78435E+00 -0.11067E+02  0.12436E+01
 0.75990E+01  0.25947E+01  0.37408E+01 -0.11352E+02  0.33372E+00
 0.79861E+01  0.46926E+00  0.26558E+01 -0.12369E+02  0.63805E+00
 0.20748E+01  0.21607E+01  0.92693E+01 -0.12898E+02  0.18060E+00
 0.76484E+01  0.27427E+01  0.24030E+01 -0.11889E+02  0.88960E+00
 0.76099E+01  0.73420E+01  0.29782E+01 -0.12961E+02  0.50439E+00
 0.15045E+00  0.37690E+01  0.88765E+01 -0.12169E+02  0.75373E-01
 0.36271E+01  0.88408E+00  0.79574E+01 -0.11979E+02  0.16131E+01
 0.80666E+01  0.66542E+01  0.79158E+01 -0.11041E+02  0.92358E-01
 0.78941E+01  0.61465E+00  0.54275E+01 -0.11202E+02  0.20650E+01
 0.30095E+01  0.88351E+00  0.46570E+00 -0.12260E+02  0.77703E+00
 0.16521E+00  0.28831E+01  0.58965E+01 -0.12281E+02  0.61454E+00
 0.49700E+01  0.51167E+01  0.88008E+01 -0.13096E+02  0.51662E+00
 0.96709E+00  0.46663E+01  0.44670E+01 -0.12672E+02  0.14760E+01
 0.86346E+01  0.73898E+01  0.66904E+01 -0.12978E+02  0.12520E+01
 0.50644E+01  0.70521E+01  0.36166E+01 -0.11707E+02  0.33926E+00
 0.68422E+01  0.41841E+01  0.59477E+00 -0.11676E+02  0.75384E+00
 0.39093E+01  0.47522E+01  0.18517E+01 -0.12731E+02  0.99369E+00
 0.74650E+01  0.47762E+01  0.46136E+01 -0.12551E+02  0.86191E+00
 0.43779E+01  0.86158E+01  0.52645E+01 -0.12638E+02  0.69940E+00
 0.53813E+01  0.24448E+01  0.24932E+01 -0.11757E+02  0.75050E+00
 0.26965E+01  0.69905E+01  0.89172E+01 -0.12729E+02  0.11812E-01
 0.45427E+01  0.76170E-01  0.32639E+01 -0.12530E+02  0.13994E+01
 0.10023E+01  0.40205E+01  0.86659E+01 -0.12731E+02  0.14769E+00
 0.25023E+01  0.45505E+01  0.78866E+01 -0.12855E+02  0.57184E+00
 0.91613E+01  0.13852E+01  0.81882E+01 -0.10986E+02  0.10011E+01
 0.23549E+01  0.89050E+00  0.53153E+01 -0.13192E+02  0.13092E+01
 0.93313E+01  0.93237E+01  0.72301E+01 -0.11731E+02  0.20885E+00
 0.13769E+01  0.16982E+01  0.25869E+01 -0.12289E+02  0.43004E+00
 0.25201E+01  0.17763E+01  0.63401E+01 -0.12227E+02  0.52813E+00
 0.72127E+00  0.26789E+01  0.84874E+01 -0.10499E+02  0.41898E+00
 0.30228E+00  0.64464E+01  0.81192E+01 -0.12431E+02  0.12885E+01
 0.63932E+01  0.60530E+01  0.93876E+01 -0.10997E+02  0.80813E+00
 0.51558E+00  0.70170E+01  0.69688E+01 -0.12198E+02  0.36859E+00
 0.62485E+01  0.33753E+01  0.59163E+01 -0.12688E+02  0.37298E+00
 0.91010E+01  0.50665E+00  0.61117E+01 -0.12087E+02  0.82499E+00
 0.39443E+01  0.91525E+01  0.86644E+01 -0.10758E+02  0.16711E+01
 0.52205E+01  0.80563E+01  0.25192E+01 -0.13095E+02  0.13115E+01
 0.35071E+01  0.70831E+01  0.54527E+01 -0.11700E+02  0.21712E+00
 0.30043E+01  0.36880E+01  0.75587E+01 -0.12005E+02  0.62868E+00
 0.52194E+00  0.55586E+01  0.72080E+01 -0.12765E+02  0.75822E+00
 0.51474E+01  0.16731E+01  0.54723E+01 -0.13332E+02  0.75687E+00
 0.92647E+01  0.10800E+01  0.26752E+01 -0.11626E+02  0.23470E+00
 0.29894E+00  0.33316E+01  0.70911E+01 -0.13306E+02  0.76483E-01
 0.87272E+01  0.76375E+01  0.52857E+01 -0.13036E+02  0.35284E+00
 0.22359E+01  0.31267E+00  0.68617E+01 -0.12878E+02  0.68431E+00
 0.53679E+01  0.62092E+01  0.73895E+01 -0.11007E+02  0.81125E+00
 0.90262E+01  0.86730E+01  0.55965E+01 -0.12717E+02  0.12406E+01
 0.44519E+01  0.16953E+01  0.10788E+01 -0.11155E+02  0.78543E+00
 0.59374E+01  0.60732E+01  0.20613E+01 -0.13306E+02  0.14662E+00
 0.31879E+00  0.67821E+01  0.50556E+01 -0.10707E+02  0.33039E+00
 0.30459E+01  0.75795E+01  0.71638E+01 -0.12455E+02  0.16066E+00
 0.58755E+01  0.75542E+01  0.91788E+01 -0.11274E+02  0.50095E+00
 0.17467E+01  0.70698E+01  0.48795E+01 -0.11863E+02  0.25624E+00
 0.72022E+01  0.56857E+01  0.78910E+00 -0.12209E+02  0.31613E+00
 0.53693E+00  0.21999E+01  0.69445E+01 -0.12411E+02  0.98205E-01
 0.49548E+01  0.54790E+00  0.41571E+01 -0.11604E+02  0.80234E+00
 0.36593E+01  0.33150E+01  0.15017E+01 -0.10628E+02  0.39552E+00
 0.67249E+01  0.39321E+01  0.17274E+01 -0.12446E+02  0.67355E+00
 0.51092E+01  0.23249E+01  0.41789E-01 -0.12123E+02  0.57648E-01
 0.75501E+01  0.13311E+01  0.77835E+01 -0.11241E+02  0.29190E+00
 0.10337E+01  0.32855E+01  0.28318E+01 -0.13140E+02  0.13092E+01
 0.42214E+01  0.14041E+01  0.64328E+01 -0.13397E+02  0.56172E+00
 0.21743E+01  0.23139E+01  0.35911E+01 -0.11878E+02  0.20572E+01
 0.18818E+01  0.76698E+01  0.66395E+01 -0.12406E+02  0.11156E+00
 0.32207E+01  0.60510E+01  0.61059E+01 -0.12944E+02  0.43559E+00
 0.56477E+01  0.19097E+01  0.11166E+01 -0.12496E+02  0.61884E+00
 0.39409E+01  0.70076E+01  0.77886E+01 -0.12631E+02  0.56997E+00
 0.43809E+01  0.76876E+01  0.93496E+01 -0.12319E+02  0.12914E+00
 0.61522E+01  0.47493E+01  0.90645E+01 -0.13057E+02  0.44571E+00
 0.71227E+01  0.44293E+01  0.29552E+01 -0.12346E+02  0.76095E+00
 0.67216E+01  0.64910E+01  0.16764E+01 -0.13431E+02  0.26323E+00
 0.25827E+01  0.13685E+01  0.76948E+01 -0.12740E+02  0.83862E+00
 0.83867E+01  0.11714E+01  0.70160E+01 -0.13181E+02  0.24939E-01
 0.36889E+01  0.34119E+01  0.62244E+01 -0.11358E+02  0.22982E+00
 0.64283E+01  0.92992E+01  0.66819E+01 -0.12403E+02  0.69115E+00
 0.52859E+01  0.76153E+01  0.11147E+01 -0.12880E+02  0.10688E+00
 0.10070E+01  0.32166E+00  0.15706E+01 -0.11750E+02  0.56043E+00
 0.66588E+01  0.85585E+01  0.44153E+01 -0.13782E+02  0.36849E+00
 0.62855E+01  0.37869E+00  0.12381E+01 -0.11116E+02  0.49820E+00
 0.81828E+01  0.84207E+01  0.31150E+01 -0.11352E+02  0.16136E+01
 0.27773E+01  0.65580E+01  0.76664E+01 -0.12495E+02  0.62486E+00
 0.13621E+01  0.51182E+01  0.33032E+01 -0.13079E+02  0.10830E+00
 0.49922E+01  0.87923E+01  0.63109E+01 -0.12479E+02  0.11783E+01
 0.57494E+01  0.85385E+01  0.77321E+01 -0.12190E+02  0.19153E+00
 0.50312E+01  0.48008E+01  0.77929E+01 -0.10606E+02  0.19439E+00
 0.21235E+01  0.59746E+01  0.17420E+01 -0.12721E+02  0.10232E+01
 0.82890E+01  0.51015E+01  0.28840E+01 -0.11571E+02  0.11558E+01
 0.73201E+01  0.82259E+01  0.67434E+01 -0.13331E+02  0.39559E+00
 0.65425E+00  0.13484E+01  0.64042E+01 -0.12486E+02  0.45063E+00
 0.42081E+01  0.94333E+00  0.91840E+01 -0.11669E+02  0.27477E+00
 0.38239E+01  0.71118E+01  0.26444E+01 -0.13177E+02  0.12550E+01
 0.61569E+01  0.20445E+01  0.69637E+01 -0.12775E+02  0.10471E+01
 0.24656E+01  0.22367E+01  0.25700E+01 -0.11880E+02  0.46450E+00
 0.10261E+01  0.14463E+01  0.54769E+01 -0.12202E+02  0.59996E+00
 0.91158E+01  0.30581E+01  0.31819E+01 -0.13193E+02  0.33594E+00
 0.84946E+00  0.68264E+01  0.98948E+00 -0.12089E+02  0.14131E+01
 0.78175E+01  0.80959E+01  0.42469E+01 -0.12646E+02  0.13716E+01
 0.35383E+01  0.78247E+01  0.66538E+00 -0.11480E+02  0.84493E+00
 0.81405E+01  0.39857E+01  0.77419E+01 -0.10688E+02  0.11968E+01
 0.63774E+01  0.15333E+01  0.81277E+01 -0.13045E+02  0.61073E+00
 0.12853E+01  0.71577E+00  0.77655E+01 -0.10643E+02  0.97440E+00
 0.19787E+01  0.24190E+01  0.78374E+01 -0.12932E+02  0.83536E+00
 0.84315E+01  0.41358E+00  0.80461E+01 -0.13911E+02  0.31106E+00
 0.81015E+01  0.42338E+01  0.18675E+00 -0.11871E+02  0.13886E+01
 0.32693E+01  0.54771E+01  0.31451E+01 -0.11858E+02  0.39297E+00
 0.90510E+01  0.38921E+01  0.45438E+01 -0.10872E+02  0.23177E+00
 0.72474E+00  0.24529E+01  0.39817E+01 -0.12877E+02  0.92378E+00
 0.81530E+01  0.47706E+01  0.12716E+01 -0.13006E+02  0.79258E+00
 0.91924E+01  0.76948E+01  0.10930E+01 -0.12543E+02  0.42669E+00
 0.44505E+01  0.12661E+01  0.22514E+01 -0.12840E+02  0.42607E+00
 0.38948E+01  0.92158E+01  0.64161E+01 -0.12293E+02  0.30455E+00
 0.18606E+01  0.64015E+01  0.55637E+01 -0.11950E+02  0.10519E+01
 0.38037E+01  0.34178E+01  0.48201E+01 -0.12168E+02  0.33509E+00
 0.33271E+01  0.23768E+01  0.36625E+01 -0.11032E+02  0.23913E+00
 0.20858E+01  0.93597E+01  0.50915E+01 -0.12537E+02  0.16406E+01
 0.12549E+01  0.60468E+01  0.23664E+01 -0.13198E+02  0.67959E+00
 0.33605E+01  0.23773E+01  0.71530E+01 -0.12516E+02  0.68350E+00
 0.63681E+01  0.15606E+01  0.55782E+01 -0.11757E+02  0.69817E+00
 0.21396E+01  0.13426E+01  0.16754E+01 -0.11331E+02  0.35709E+00
 0.64071E+01  0.54320E+01  0.51269E+01 -0.11858E+02  0.87057E+00
 0.81592E+01  0.84423E+01  0.81003E+01 -0.11139E+02  0.38813E+00
 0.70440E+00  0.44226E+00  0.51577E+01 -0.12491E+02  0.58833E+00
 0.43534E+01  0.80732E+01  0.34349E+01 -0.94922E+01  0.17475E+00
 0.72043E+01  0.29095E+01  0.50658E+01 -0.11533E+02  0.67379E+00
 0.15060E+01  0.29825E+00  0.34606E+01 -0.10292E+02  0.43168E+00
 0.43898E+01  0.58755E+01  0.17411E+01 -0.11756E+02  0.35142E+00
 0.40330E+00  0.13975E+01  0.15252E+01 -0.12330E+02  0.29922E+00
 0.46722E+01  0.91392E+01  0.74854E+01 -0.13339E+02  0.18139E+01
 0.19355E+00  0.62916E+01  0.43167E+01 -0.12237E+02  0.13083E+01
 0.87720E+01  0.59932E+01  0.65414E+01 -0.10543E+02  0.18949E-01
 0.92948E+01  0.43803E+01  0.49405E+00 -0.13475E+02  0.63657E-01
 0.54029E+01  0.23720E+00  0.89826E+01 -0.11237E+02  0.21037E+01
 0.41159E+01  0.49217E+01  0.95162E+00 -0.10902E+02  0.12780E+01
 0.66786E+01  0.68964E+01  0.67739E+01 -0.11666E+02  0.99165E+00
 0.73254E+01  0.26118E+01  0.81152E+01 -0.12792E+02  0.63548E-01
 0.77925E+00  0.85278E+01  0.11911E+01 -0.11514E+02  0.51359E+00
 0.88227E+00  0.15624E+01  0.87716E+01 -0.11979E+02  0.16179E+00
 0.53190E+00  0.32079E+01  0.15740E+01 -0.12063E+02  0.33009E-01
 0.22331E+01  0.83921E+01  0.27931E+01 -0.11966E+02  0.12721E+01
 0.91550E+01  0.65626E+01  0.31113E+01 -0.11841E+02  0.13579E+01
 0.32572E+01  0.55066E+01  0.72827E+01 -0.12457E+02  0.69552E+00
 0.83384E+01  0.13776E+01  0.88245E+01 -0.12657E+02  0.88179E-01
 0.17968E+01  0.66599E+01  0.33333E+01 -0.11361E+02  0.18921E+00
 0.64933E+01  0.93113E+01  0.28000E+01 -0.11641E+02  0.70383E+00
 0.81486E+01  0.62098E+01  0.92070E+01 -0.11067E+02  0.10745E+01
 0.65734E+01  0.63589E+01  0.31970E+01 -0.11545E+02  0.12334E+00
 0.41945E+01  0.21001E+01  0.79688E+01 -0.13305E+02  0.14507E+00
 0.55146E+01  0.25090E+00  0.18121E+01 -0.11957E+02  0.39727E+00
 0.33633E+01  0.38107E+00  0.46162E+01 -0.13537E+02  0.11477E+01
 0.56115E+01  0.20839E+01  0.34521E+01 -0.11183E+02  0.78305E-01
 0.52513E-01  0.48163E+01  0.29143E+01 -0.12418E+02  0.30178E+00
 0.58429E+01  0.88167E+01  0.34406E+01 -0.12505E+02  0.50419E+00
 0.86168E+01  0.26762E+01  0.72606E+01 -0.13371E+02  0.10857E+01
 0.81085E+01  0.92868E+01  0.49721E+01 -0.12443E+02  0.10823E+00
 0.16851E+01  0.62148E+01  0.83481E+01 -0.12727E+02  0.74345E+00
 0.37544E+01  0.19815E+01  0.62217E+00 -0.11260E+02  0.93419E-01
 0.69883E+01  0.72879E+01  0.62836E+00 -0.11990E+02  0.97554E+00
 0.48092E+01  0.43211E+01  0.33474E+01 -0.12200E+02  0.54728E+00
 0.55994E+01  0.49535E+01  0.65649E+01 -0.11339E+02  0.82582E+00
 0.13946E+01  0.85750E+01  0.87389E+01 -0.12112E+02  0.23500E+00
 0.20766E+01  0.89920E+01  0.82355E+00 -0.84750E+01  0.64015E+00
 0.31698E+01  0.84656E+01  0.51100E+01 -0.97770E+01  0.71474E+00
 0.91896E+00  0.83353E+01  0.51530E+01 -0.12633E+02  0.92748E+00
 0.89768E+01  0.82413E+01  0.23783E+01 -0.12834E+02  0.15289E+01
 0.91909E+01  0.38093E+01  0.18830E+01 -0.12259E+02  0.33950E+00
 0.66233E+01  0.81685E+01  0.18008E+01 -0.11913E+02  0.11045E+00
 0.39271E+01  0.50936E+00  0.15005E+01 -0.13047E+02  0.10824E+01
 0.77315E+01  0.87119E+01  0.56731E+01 -0.12310E+02  0.77192E+00
 0.63033E+01  0.82131E+01  0.56511E+01 -0.12055E+02  0.34438E-01
 0.71384E+01  0.28577E+01  0.64620E+00 -0.11645E+02  0.19165E+01
 0.84621E+01  0.28506E+01  0.52554E+01 -0.12407E+02  0.17866E+00
 0.31677E+00  0.52978E+01  0.18674E+01 -0.12025E+02  0.56855E+00
 0.50765E+01  0.43063E+01  0.55771E+01 -0.11878E+02  0.11516E+01
 0.35383E+01  0.75719E+00  0.55679E+01 -0.12285E+02  0.49406E+00
 0.57920E+01  0.58441E+01  0.38010E+01 -0.12851E+02  0.26007E+00
 0.20888E+01  0.56756E+01  0.65905E+01 -0.11324E+02  0.59651E+00
 0.62158E+01  0.43179E+01  0.56648E+01 -0.11268E+02  0.25735E+00
 0.73094E+01  0.27342E+00  0.38479E+01 -0.13569E+02  0.48268E+00
 0.13832E+01  0.48058E+01  0.20616E+01 -0.12312E+02  0.11379E+01
 0.60015E+01  0.75723E+01  0.67431E+01 -0.12684E+02  0.46039E+00
 0.35654E+01  0.88406E+01  0.27758E+01 -0.12250E+02  0.12330E+01
 0.78694E+01  0.82212E+01  0.92397E+00 -0.11894E+02  0.11845E+01
 0.43235E+01  0.72712E+01  0.56932E+01 -0.11131E+02  0.91207E-01
 0.35196E+00  0.47501E+01  0.58931E+01 -0.12333E+02  0.89139E-01
 0.72496E-01  0.73713E+01  0.35661E+01 -0.11696E+02  0.79227E+00
 0.63603E+01  0.70993E+01  0.42941E+01 -0.12676E+02  0.47917E+00
 0.66097E+00  0.14568E+00  0.36469E+00 -0.12152E+02  0.34852E+00
 0.15796E+01  0.46405E+01  0.72793E+01 -0.12821E+02  0.15267E+00
 0.89910E+01  0.14599E+01  0.50898E+01 -0.12362E+02  0.38015E+00
 0.15324E+01  0.43271E+01  0.46780E+00 -0.11395E+02  0.81644E+00
 0.81453E+01  0.67739E+01  0.19433E+01 -0.13131E+02  0.10348E+01
 0.68297E+01  0.11505E+01  0.23676E+01 -0.12237E+02  0.10588E+01
 0.57859E+01  0.34619E+01  0.17372E+00 -0.12401E+02  0.85384E+00
 0.74338E+00  0.77264E+01  0.23144E+01 -0.12651E+02  0.33678E+00
 0.64501E+01  0.32561E+01  0.29401E+01 -0.11457E+02  0.79763E+00
 0.79154E+01  0.16560E+01  0.16629E+01 -0.11524E+02  0.50535E+00
 0.62627E+01  0.20663E+01  0.93745E+01 -0.12305E+02  0.86041E+00
