# #1)time step 2)msd
0 0
0 0
0 0
1 1.8014999576604
2 2.802363065608
0 0
1 1.8014999576604
2 2.802363065608
0 0
1 1.8014999576604
2 2.802363065608
0 0
1 1.8014999576604
2 2.802363065608
0 0
1 1.8014999576604
2 2.802363065608
0 0
1 1.8014999576604
2 2.802363065608
3 3.5003099545372
4 3.325866363625
5 3.3028174083325
6 3.9793242903261
7 3.8323755817364
8 3.5561440485543
9 3.5646638628324
10 3.6010983590084
11 3.4526039000836
12 3.4927772109471
13 3.3379974075898
14 3.5045522706863
15 3.8106286071059
16 3.6812038377933
17 3.6567688407155
18 3.6374393514792
19 3.3651872601868
20 3.383610286594
21 3.3867010080369
22 3.4467211779512
23 3.1649240067969
24 3.2061163592942
0 0
1 1.8014999576604
2 2.802363065608
3 3.5003099545372
4 3.325866363625
5 3.3028174083325
6 3.9793242903261
7 3.8323755817364
8 3.5561440485543
9 3.5646638628324
10 3.6010983590084
11 3.4526039000836
12 3.4927772109471
13 3.3379974075898
14 3.5045522706863
15 3.8106286071059
16 3.6812038377933
17 3.6567688407155
18 3.6374393514792
19 3.3651872601868
20 3.383610286594
21 3.3867010080369
22 3.4467211779512
23 3.1649240067969
24 3.2061163592942
25 3.1110477683956
26 3.175189041739
27 3.5743404616268
28 3.8467871777252
29 3.7812121311827
30 3.6566716298731
31 3.6145073726125
32 3.1864432411844
33 3.4441954527375
34 3.6989047240476
35 3.8003022313628
36 3.4351297889515
37 3.3999923498294
38 3.4824658384705
39 3.5714603034399
40 3.4231470819468
41 3.3084230568407
42 3.723546865698
43 3.8477324243274
44 3.5052172728163
45 3.4894483287677
46 3.5371654608831
47 3.304970515552
48 3.2635717731513
49 3.4597046150615
50 3.82425645718
51 3.4230531720616
52 3.4669964069184
53 3.7903768203325
54 3.6527473066215
55 3.517986204786
56 3.3559730580194
57 3.7522388484662
58 3.8045985508462
59 3.7212886757469
60 3.7119439913916
61 3.7885159905834
62 3.9740195016689
63 3.8288644684313
64 3.8405454708306
65 3.8544783581928
66 3.3278453595695
67 3.5310334205797
68 3.319597942875
69 3.6021983682213
70 3.9171678248676
71 4.0636866169203
72 3.9642907682503
73 3.6470279868772
74 3.5003033587512
75 3.480811908625
76 3.3878282415006
77 3.3562927546037
78 3.440384739154
79 3.7455281929904
80 3.4353062922229
81 3.4284276010321
82 3.48204810546
83 3.7180969979568
84 3.8896985395882
85 3.7925409341172
86 3.4816757442847
87 3.0397483506979
88 3.788253137445
89 3.8141523727908
90 3.6441107735641
91 3.4569393443073
92 3.5859420509905
93 3.8887442677891
94 3.9349582358507
95 4.0306707548548
96 4.0890049437104
97 3.76135667481
98 3.6612374175544
99 3.8194896632437
100 3.7627227920986
101 3.3996818056934
102 3.2635317582183
103 3.2764841237574
104 3.2865052792848
105 3.4593320731525
106 3.5375911448916
107 3.6453146139715
108 3.9493598340252
109 3.2676082174567
110 3.4792465073241
111 3.2207572679448
112 3.4223412435918
113 3.1829229000601
114 3.449020184978
115 3.5129817468239
116 3.1947609678608
117 3.5988390562387
118 3.3334016839096
119 3.2413517701307
120 3.3193549943368
121 3.5174470797452
122 3.4192550636445
123 3.8621388513103
124 3.9291651519954
125 3.7052087635275
126 3.2589482768282
127 3.3203891144478
128 3.5066797597102
129 3.6817265968022
130 3.9256214452252
131 3.4683092737255
132 3.8209461396133
133 3.739197829022
134 3.6649509454859
135 3.7381434962026
136 3.7199103543688
137 3.9521890578331
138 3.6170808022963
139 3.6678589111428
140 3.6114779378365
141 3.8862888720705
142 3.9509214468084
143 3.5218896454785
144 3.6353199900974
145 3.6472381701226
146 3.2747627084793
147 3.6822203062073
148 3.651495857022
149 3.8848809956803
150 3.7309537942613
151 3.5894839797238
152 3.7462250150638
153 3.5523224737232
154 3.669911294377
155 3.5535222480114
156 3.5186988374806
157 3.6277268122141
158 3.6588224532242
159 3.4010659723423
160 3.75189145443
161 3.4893090845879
162 3.7091114735581
163 3.4819555068769
164 3.4650705188466
165 3.531157020647
166 3.5638697961743
167 3.5632621392964
168 3.7012210846322
169 3.6596829844052
170 3.5792419630881
171 3.2279070076539
172 3.5198336158604
173 3.5432142111852
174 3.4332106495685
175 3.3170091933885
176 3.4875971343191
177 3.5643708184427
178 3.2914087712205
179 3.3818847727369
180 3.5465204085781
181 4.0920762204726
182 3.789621620836
183 3.2019993512964
184 3.1038655859789
185 3.19831908526
186 3.6308097921176
187 3.6931840050051
188 3.8187620260624
189 3.6192389885108
190 3.4614196116419
191 3.7599693423722
192 3.5750138330375
193 3.5598309183415
194 3.961586463753
195 3.6463660179909
196 3.3858309851484
197 3.4482287122176
198 3.4016620391236
199 3.9298653205242
200 3.5635058041281
201 3.6258439416027
202 3.7931011784895
203 3.4783029142342
204 3.725808480989
205 3.6373793159678
206 3.2813884345509
207 3.4378512228393
208 3.2767052354594
209 3.3740987433544
210 3.7422168864353
211 3.9801365282277
212 3.4657969516169
213 4.2080009423451
214 3.4719804802167
215 3.3924045798408
216 3.2159900734401
217 3.7679984988389
218 3.9168245076919
219 3.7476298582948
220 3.6147584820794
221 3.727554931614
222 3.8556511583058
223 3.5631357009833
224 3.4898364769017
225 3.9599916494138
226 3.2958054949907
227 3.9027332556212
228 3.9646944680893
229 3.6974632646252
230 3.8508060614549
231 3.3618019044646
232 3.4493114169844
233 3.4797832134226
234 3.7538868441967
235 3.2447456673752
236 3.1042404213595
237 3.5726392506405
238 3.5186923508036
239 3.3427805426733
240 3.538102384457
241 3.6477215153317
242 3.3143846636693
243 3.6690783238999
244 3.548113672075
245 3.690847136552
246 3.2817753912715
247 3.5292370851531
248 3.367356196422
249 3.4137018470949
